-9.615384615384614975e+00 2.152894197195546200e-01
-9.615384615384614975e+00 1.470515147536510803e-01
-9.615384615384614975e+00 1.444350575077926191e-01
-9.474649931062133490e+00 1.412864352560523340e-01
-9.333974553644782901e+00 1.358685534168575515e-01
-9.193281122504620484e+00 1.312623652053103163e-01
-9.052549841415487464e+00 1.265184746920173797e-01
-8.911843509341789371e+00 1.214971326853923062e-01
-8.771157205781010546e+00 1.167306181596433623e-01
-8.630453929500578880e+00 1.120618693601624916e-01
-8.489741994110758583e+00 1.074901111601357373e-01
-8.349028467207112669e+00 1.031717744424823779e-01
-8.208328577127842252e+00 9.882313899515349220e-02
-8.067654402368798827e+00 9.475833105323960837e-02
-7.926916979332791158e+00 9.071043202230733016e-02
-7.786191221254398442e+00 8.657259451798404726e-02
-7.645532787718476442e+00 8.269563767651311181e-02
-7.504815069044415310e+00 7.881467105981154742e-02
-7.364095737972647271e+00 7.490727362809079803e-02
-7.223403191891022423e+00 7.117115466974821558e-02
-7.082693185803813130e+00 6.742983501858307305e-02
-6.942004326359650257e+00 6.373771789637838747e-02
-6.801286728309184682e+00 6.016285522308256750e-02
-6.660576540951359092e+00 5.646705928271650299e-02
-6.519905927948697943e+00 5.284853060425193094e-02
-6.379179603567054713e+00 4.949708655423862291e-02
-6.238444370706889508e+00 4.588837066413598009e-02
-6.097757845836293988e+00 4.238842576206514057e-02
-5.957073145442543627e+00 3.906974101117866027e-02
-5.816359392321297506e+00 3.559402165214764491e-02
-5.675643132191740214e+00 3.218073951747862926e-02
-5.534942401657628075e+00 2.890971743391795856e-02
-5.394246506976161371e+00 2.553087617464799841e-02
-5.253553829904854311e+00 2.229968933822124022e-02
-5.112823782811561024e+00 1.910280390226354319e-02
-4.972110612868320345e+00 1.568632679379416972e-02
-4.831447275851511236e+00 1.256514119484464231e-02
-4.690720776524126556e+00 9.432303829846777621e-03
-4.549997149236375549e+00 6.138348567312101878e-03
-4.409319596361428673e+00 3.034385398381356236e-03
-4.268607708695773439e+00 -3.979655586289210234e-05
-4.127904734367341177e+00 -3.223298475067082336e-03
-3.987193859089648740e+00 -6.314956315296715861e-03
-3.846481028382937151e+00 -9.392806331429526256e-03
-3.705813739514530969e+00 -1.254177087104868527e-02
-3.565097550209999522e+00 -1.539190150367836241e-02
-3.424356743666153502e+00 -1.857725925960723723e-02
-3.283676408007524472e+00 -2.159361337411802584e-02
-3.142985794056218030e+00 -2.452617182748884073e-02
-3.002259675872068545e+00 -2.756891263068400599e-02
-2.861548842056027553e+00 -3.056419984894359620e-02
-2.720858143248364502e+00 -3.347910086108341066e-02
-2.580159818374326175e+00 -3.641804288313738036e-02
-2.439452100543353819e+00 -3.929019125905958143e-02
-2.298732316669202635e+00 -4.212006244391314214e-02
-2.158031847672515102e+00 -4.502015139343873429e-02
-2.017364271304354251e+00 -4.761649960791936032e-02
-1.876628857363034086e+00 -5.007127150289841788e-02
-1.735900022589234704e+00 -5.250129657718388687e-02
-1.595236046451547596e+00 -5.424323131613478788e-02
-1.454521612344210846e+00 -5.548562142264107377e-02
-1.313805870088516459e+00 -5.597255993094552018e-02
-1.173106003345750770e+00 -5.466230597309812422e-02
-1.032395291676794891e+00 -5.092430619631033162e-02
-8.917205155127539973e-01 -4.341255758796974673e-02
-7.509939893067839600e-01 -2.998972388676146572e-02
-6.102633001197087514e-01 -7.717441234162791819e-03
-4.696019769849918979e-01 2.683679088482060493e-02
-3.289074315575333807e-01 8.355159928531785685e-02
-1.869991128344476450e-01 1.491011532845568643e-01
-3.791813008935278340e-02 1.974716000371058433e-01
1.247602960307612752e-01 2.287942028521061655e-01
2.974605548362383445e-01 2.515067671219435308e-01
4.729995143811120961e-01 2.690946594151167881e-01
6.491668174767893928e-01 2.832587684470065925e-01
8.246525556412920288e-01 2.949550907554528978e-01
9.994304890833527466e-01 3.044822397752640075e-01
1.174537879291854159e+00 3.126179895831747713e-01
1.350058147017705990e+00 3.188682629290495729e-01
1.526530982832928762e+00 3.240694880706438408e-01
1.703105649227421470e+00 3.280408692236908008e-01
1.878626228426891531e+00 3.306295656986922848e-01
2.053974018445581695e+00 3.316873466233375423e-01
2.229362077488389549e+00 3.312362306938907430e-01
2.404659333946403965e+00 3.286148787372691338e-01
2.580364245395109890e+00 3.233371974499961166e-01
2.756722180315151594e+00 3.147620074545273150e-01
2.933282583643668229e+00 3.014194216572538831e-01
3.109130481252604827e+00 2.799643290409673524e-01
3.284748139744928963e+00 2.430924796605813398e-01
3.460624475073933226e+00 1.837475614491116405e-01
3.633335949191845327e+00 7.776257761902216625e-02
3.797380054247365244e+00 -3.713990834874481006e-02
3.951864780071534522e+00 -1.122864732418061839e-01
4.100346684414807541e+00 -1.581918224725260003e-01
4.245681644891103446e+00 -1.864397281451167510e-01
4.389114926841197750e+00 -2.049719830730111492e-01
4.531405778023012587e+00 -2.168382671245071835e-01
4.673025924205940207e+00 -2.243053413670414165e-01
4.814287263034289666e+00 -2.293223565021558497e-01
4.955316143206368373e+00 -2.327359897158721436e-01
5.096225153895372451e+00 -2.349818593111497600e-01
5.237053577640809365e+00 -2.369835406857774274e-01
5.377784933666347911e+00 -2.385789291383214328e-01
5.518553567586308439e+00 -2.400482395430879878e-01
5.659312348184611707e+00 -2.419651960057859763e-01
5.799993503184817989e+00 -2.438829956144341060e-01
5.940702315080947038e+00 -2.458467260659784603e-01
6.081426970895254414e+00 -2.482569438671503870e-01
6.222137492990549745e+00 -2.508862016759269009e-01
6.362837516400345450e+00 -2.535857705842443077e-01
6.503529207443190074e+00 -2.565792495566850961e-01
6.644240642362701621e+00 -2.597270980487726422e-01
6.784967107054400870e+00 -2.628849472387971842e-01
6.925657907181423489e+00 -2.664182564100684436e-01
7.066338348258208057e+00 -2.695963325053937765e-01
7.207079217880294486e+00 -2.731014768377617030e-01
7.347795449392603651e+00 -2.767086069566638828e-01
7.488462746981460860e+00 -2.801434846081617414e-01
7.629175574682907524e+00 -2.836654146424337219e-01
7.769886451699999697e+00 -2.872535494636311304e-01
7.910589425943829411e+00 -2.907409583498576366e-01
8.051301310112881637e+00 -2.943438499973166644e-01
8.191978863501041985e+00 -2.979349024561348536e-01
8.332702493686463541e+00 -3.013863843184156899e-01
8.473428988408715057e+00 -3.051588885664606177e-01
8.614092317585702929e+00 -3.085271080642681962e-01
8.754805481532413225e+00 -3.116338778366382622e-01
8.895535528234765010e+00 -3.149866758237906406e-01
9.036228208069962520e+00 -3.180706252731488881e-01
9.176924100613479851e+00 -3.210365640023648548e-01
9.317624830574882111e+00 -3.241851396898813853e-01
9.458341093747030470e+00 -3.272277367852414187e-01
9.599054845998482577e+00 -3.302957963753859194e-01
9.739739543196614946e+00 -3.336703084135299591e-01
9.880426072116772929e+00 -3.367483973461852798e-01
1.002116130222900381e+01 -3.401580544071292622e-01
1.016188762016149738e+01 -3.438428078216785866e-01
1.030255823164701035e+01 -3.471868231822178297e-01
1.044326841723022170e+01 -3.506835966264690851e-01
1.058398601701239805e+01 -3.544209739213385335e-01
1.072467487622958338e+01 -3.579261660004969259e-01
1.086538488061894014e+01 -3.615159659096808809e-01
1.100607742728046290e+01 -3.652272201860435885e-01
1.114679675870701026e+01 -3.687847636594601131e-01
1.128751447540790842e+01 -3.724991873048350555e-01
1.142817290836186572e+01 -3.761236275137558316e-01
1.156889866388805110e+01 -3.795995415550712515e-01
1.170963608456887606e+01 -3.833757542009389452e-01
1.185031025996172005e+01 -3.869456019051789042e-01
1.199101014873034821e+01 -3.905048151226467867e-01
1.213172367541864460e+01 -3.941519092526853951e-01
1.227243561186509879e+01 -3.976955902627085093e-01
1.241313888782973152e+01 -4.012490809928613844e-01
1.255382519058008839e+01 -4.048462091632020754e-01
1.269453152503176341e+01 -4.083189697526702910e-01
1.283526280563200217e+01 -4.123127478952792746e-01
1.297595623290479594e+01 -4.160563066031324753e-01
1.311663160861915856e+01 -4.199344166033000536e-01
1.325736640655016352e+01 -4.269380813273205288e-01
