-9.615384615384614975e+00 1.136990106977208148e-01
-9.615384615384614975e+00 1.181810759075809791e-01
-9.615384615384614975e+00 1.234774726578348192e-01
-9.474674034762182728e+00 1.244766476423183610e-01
-9.333961932810701967e+00 1.255173225611342369e-01
-9.193249209235942132e+00 2.006969288845242838e-01
-9.087718077299589581e+00 1.105698630908544811e-01
-8.278621652317260882e+00 1.071854068480438960e-01
-8.137932169070246857e+00 1.035217374391375067e-01
-7.997246358679746869e+00 9.972921560448033684e-02
-7.856535673187702074e+00 9.607994710269129879e-02
-7.715835251076605950e+00 9.270484587389260511e-02
-7.575133710787178565e+00 8.950309893899299762e-02
-7.434432666245379018e+00 8.626713998148394236e-02
-7.293731104631662632e+00 8.303166148125040724e-02
-7.153028865322974106e+00 7.978198355933208141e-02
-7.012322441557115482e+00 7.651496960606590791e-02
-6.871620583122029835e+00 7.323168669061447256e-02
-6.730918095301028359e+00 7.001141083232487183e-02
-6.590209744050667950e+00 6.676682160498687013e-02
-6.449504399230737484e+00 6.348616711074300811e-02
-6.308799757323154012e+00 6.024096950502888514e-02
-6.168096013293208557e+00 5.696350842273811832e-02
-6.027392598036274585e+00 5.364734457228687026e-02
-5.886689903069602714e+00 5.040302021925424647e-02
-5.745985202786775936e+00 4.719292371644578932e-02
-5.605286334763085243e+00 4.395150739386427530e-02
-5.464590217757431923e+00 4.073552338182706567e-02
-5.323886087198529182e+00 3.753363674746335032e-02
-5.183179448402536416e+00 3.427780537113672699e-02
-5.042471673754184813e+00 3.110321463907661510e-02
-4.901763176581392045e+00 2.797042991173259718e-02
-4.761054612928113272e+00 2.478999834050971129e-02
-4.620345294644948808e+00 2.168002658025930396e-02
-4.479632528475685938e+00 1.850038587433960879e-02
-4.338923939563328780e+00 1.538877775661745551e-02
-4.198228718134351389e+00 1.226075712786917071e-02
-4.057531415047955115e+00 9.161498231737341680e-03
-3.916829409862762290e+00 6.070771458075940874e-03
-3.776130660149661811e+00 2.974498210820464283e-03
-3.635432794577881488e+00 -6.399223726333280737e-05
-3.494735434029932808e+00 -3.114183488449162596e-03
-3.354037240802872244e+00 -6.241075167520093725e-03
-3.213335686846121586e+00 -9.211646217082702925e-03
-3.072631908635829134e+00 -1.225398276521044716e-02
-2.931929541250511306e+00 -1.528769440769611743e-02
-2.791220542778046099e+00 -1.825754171108812107e-02
-2.650505373073849480e+00 -2.125003828438926101e-02
-2.509790979070649630e+00 -2.428809565484613131e-02
-2.369075937941755861e+00 -2.727078202598559598e-02
-2.228360893905333207e+00 -3.020993537374599969e-02
-2.087647107432246241e+00 -3.318898016138688289e-02
-1.946934395342137858e+00 -3.621062158846871659e-02
-1.806230587335851512e+00 -3.921112920201802465e-02
-1.665539438039883358e+00 -4.218825299966783016e-02
-1.524852680509202196e+00 -4.531979608319453012e-02
-1.384171022264187645e+00 -4.845268827406612466e-02
-1.243500451172781851e+00 -5.174206241122425443e-02
-1.102846950954612382e+00 -5.527878803047064915e-02
-9.622199541736421446e-01 -5.913508195585154281e-02
-8.216383610393273029e-01 -6.366881803499646608e-02
-6.811316990664365578e-01 -6.913756680250643383e-02
-5.407547249059740935e-01 -7.629097606451623603e-02
-4.005999518169291451e-01 -8.600258721944986640e-02
-2.608287981305854597e-01 -1.000445313306002060e-01
-1.217082611918462176e-01 -1.212402107576585064e-01
1.631177350941639959e-02 -1.544969541422452353e-01
1.524252000209921354e-01 -2.084825917357659153e-01
2.853545161085154214e-01 -2.984936436000391602e-01
4.122663375987596912e-01 -4.429474882184094020e-01
5.295139507080152130e-01 -6.000074717845759187e-01
6.380040840710746730e-01 -6.837074003901610908e-01
7.433350468692487834e-01 -7.270811538737540491e-01
8.489176175803931912e-01 -7.515717850601897343e-01
9.543034411648357862e-01 -7.614058453641288082e-01
1.058925170615623301e+00 -7.610036930114389975e-01
1.163763299688023833e+00 -7.516375312707289646e-01
1.269294232553482837e+00 -7.389560505164118887e-01
1.375164022476376813e+00 -7.225209537850507679e-01
1.480982053318760094e+00 -7.045200432633522691e-01
1.586892452267072207e+00 -6.860388262825860561e-01
1.692577662101782288e+00 -6.689570271708308313e-01
1.797225191778563769e+00 -6.534910180049426920e-01
1.901966635978623144e+00 -6.378538687880546121e-01
2.007600489239754094e+00 -6.216355775823776408e-01
2.113666586389427504e+00 -6.036888221371494723e-01
2.220090143290440743e+00 -5.824947711945490658e-01
2.325810884048482574e+00 -5.571068204348059716e-01
2.430849251072340067e+00 -5.254475742155946261e-01
2.536537467601537976e+00 -4.844870513617761665e-01
2.645039419342599896e+00 -4.325487788566715897e-01
2.763505542083512179e+00 -3.739677317838739357e-01
2.895740312756401202e+00 -3.415301992493687822e-01
3.035287951341729684e+00 -2.930840920945989581e-01
3.176005303362272159e+00 -2.135628279886827574e-01
3.316722563116500933e+00 -1.516187156754491006e-01
3.457441324519564319e+00 -1.244052906218505727e-01
3.598157929045777692e+00 -1.209849523124105208e-01
3.738870732956350640e+00 -1.277708171284802074e-01
3.879580069622229122e+00 -1.374710779544836003e-01
4.020285268840932069e+00 -1.481636863963013973e-01
4.160985091637150468e+00 -1.589349757996955659e-01
4.301680834788110808e+00 -1.693442644688478160e-01
4.442375302083248378e+00 -1.791109496633768450e-01
4.583068671928205440e+00 -1.881810974610566567e-01
4.723762797770784339e+00 -1.966202764691996896e-01
4.864458385662502771e+00 -2.042871435480755060e-01
5.005153370260005730e+00 -2.112909432338760662e-01
5.145849374231572959e+00 -2.177349891623776568e-01
5.286556059582379952e+00 -2.236370036646003201e-01
5.427270472328999951e+00 -2.290373570018860439e-01
5.567985261338900926e+00 -2.341110669818445567e-01
5.708700895002790432e+00 -2.389257757023820761e-01
5.849416280821070124e+00 -2.434373773356057202e-01
5.990130873825135538e+00 -2.477394066788771720e-01
6.130846156546034820e+00 -2.519084168128430945e-01
6.271555217398323556e+00 -2.560034280184002586e-01
6.412257631111157430e+00 -2.599148558752021887e-01
6.552961440704097917e+00 -2.638412175524263992e-01
6.693663003560313740e+00 -2.676606896230869781e-01
6.834361196449187048e+00 -2.713931228058082956e-01
6.975058552395488221e+00 -2.751339871387665781e-01
7.115756414021504384e+00 -2.788244130730270220e-01
7.256455160551428918e+00 -2.824604481286081548e-01
7.397157163683313108e+00 -2.861049634459382207e-01
7.537854464602078863e+00 -2.896757282044017390e-01
7.678549684695354927e+00 -2.932744098910020636e-01
7.819258273309071861e+00 -2.967998303743899502e-01
7.959971038347561922e+00 -3.003376882457232111e-01
8.100680354948062600e+00 -3.038329576010743716e-01
8.241388916314440038e+00 -3.073367439154599534e-01
8.382097411463485415e+00 -3.108994945182927960e-01
8.522805183103917770e+00 -3.144036920551478431e-01
8.663511818032391787e+00 -3.179121080982622027e-01
8.804215946125401260e+00 -3.214744511302146113e-01
8.944912072005578807e+00 -3.250202989055138714e-01
9.085610948089778205e+00 -3.285935724688585635e-01
9.226315644922896908e+00 -3.322391936142800040e-01
9.367018336407982204e+00 -3.358636957506400122e-01
9.507721748481449353e+00 -3.394764407540178386e-01
9.648425489773588382e+00 -3.431564016147160556e-01
9.789130129489770127e+00 -3.468488369528679449e-01
9.929835472658337991e+00 -3.505320305338032183e-01
1.007054382281036276e+01 -3.542637994121098366e-01
1.021124630955786117e+01 -3.579970693859434450e-01
1.035194816725269007e+01 -3.617192500782899223e-01
1.049265459054281102e+01 -3.654508450752587678e-01
1.063335682893863243e+01 -3.692144751465420427e-01
1.077405838947092676e+01 -3.729368312199072832e-01
1.091475943277391636e+01 -3.766718074382010006e-01
1.105546097167011688e+01 -3.804763864532469397e-01
1.119616139237612806e+01 -3.842610406074639662e-01
1.133687207695073518e+01 -3.880098863849477664e-01
1.147755789013995908e+01 -3.919110095415048733e-01
1.161824737600255908e+01 -3.958586404074495579e-01
1.175896747682923582e+01 -3.999895801077339441e-01
1.189967726025433770e+01 -4.046082222772944825e-01
1.204038783958056591e+01 -4.096317182771978538e-01
1.218109994047261857e+01 -4.157568325462746572e-01
1.232181283643998704e+01 -4.206765346969353336e-01
