-9.615384615384614975e+00 2.215031590436040143e-01
-9.615384615384614975e+00 2.263912880736829725e-01
-9.615384615384614975e+00 2.318893360296759298e-01
-9.474674036112411102e+00 2.348187922575411535e-01
-9.333961935257605091e+00 2.371457911798153240e-01
-9.193249039292757274e+00 3.055698662308017899e-01
-9.087717889823878181e+00 2.167567249858331491e-01
-8.278621280138439786e+00 2.117613952849180525e-01
-8.137931793630857058e+00 2.070042935465895018e-01
-7.997245979799797233e+00 2.023685248119047597e-01
-7.856535295235656413e+00 1.978287486836121656e-01
-7.715834874600516535e+00 1.934697558967312658e-01
-7.575133335774649090e+00 1.892418331608217152e-01
-7.434432292503260875e+00 1.850548435435283579e-01
-7.293730731957760227e+00 1.809584416554764208e-01
-7.153028493518573505e+00 1.769395520094161900e-01
-7.012322070129319407e+00 1.729787977432724611e-01
-6.871620212362424596e+00 1.690525144824787662e-01
-6.730917725554269815e+00 1.652273067672929696e-01
-6.590209375349675547e+00 1.614541134776706355e-01
-6.449504032194991687e+00 1.577182929408237344e-01
-6.308799392534759853e+00 1.540632656173704929e-01
-6.168095651338526331e+00 1.504166498628661253e-01
-6.027392239396723639e+00 1.467662422536243350e-01
-5.886689548064656385e+00 1.432044687330786270e-01
-5.745984851355816048e+00 1.397045747623799072e-01
-5.605285974347241407e+00 1.362042363118305399e-01
-5.464589847502931974e+00 1.327488762683363688e-01
-5.323885719464191979e+00 1.293263370324420070e-01
-5.183179084680984872e+00 1.258727394550882006e-01
-5.042471313118882748e+00 1.225083598141679664e-01
-4.901762817949181894e+00 1.192042011269609514e-01
-4.761054256569216214e+00 1.158706306884123016e-01
-4.620344939901503523e+00 1.126210736381296207e-01
-4.479632174750934226e+00 1.093109257121943068e-01
-4.338923585987910059e+00 1.060849422889114102e-01
-4.198228365805728224e+00 1.028595654626462963e-01
-4.057531064843010959e+00 9.967286823026538789e-02
-3.916829061671191603e+00 9.650751656262940292e-02
-3.776130315155920236e+00 9.334081100061114578e-02
-3.635432453567446931e+00 9.023341420135566615e-02
-3.494735097681163527e+00 8.712285763144889117e-02
-3.354036904866686264e+00 8.393826860684655555e-02
-3.213335342037944908e+00 8.092299019104104429e-02
-3.072631531822476170e+00 7.784623805480245240e-02
-2.931929117574150201e+00 7.477936211045499437e-02
-2.791220056806990257e+00 7.177825272119670030e-02
-2.650504774102688366e+00 6.875702269842187686e-02
-2.509790181105694629e+00 6.569010430671096135e-02
-2.369074795272016143e+00 6.267945072867103784e-02
-2.228359161562135871e+00 5.972176222718494909e-02
-2.087644372497603928e+00 5.673320577388335506e-02
-1.946929959660103737e+00 5.369553108271835073e-02
-1.806223274068250007e+00 5.067769229361163141e-02
-1.665527269913036346e+00 4.768925127650774920e-02
-1.524832285286632505e+00 4.454610603096398336e-02
-1.384136697358531620e+00 4.140050568956177290e-02
-1.243442571516147011e+00 3.810316661965440499e-02
-1.102749201682244662e+00 3.454954877467686369e-02
-9.620547343816256980e-01 3.067000134480868390e-02
-8.213589912180666586e-01 2.610190427765102239e-02
-6.806591683880836019e-01 2.058536169423108575e-02
-5.399539688168313312e-01 1.334292205669795894e-02
-3.992446318062638499e-01 3.477080706072110949e-03
-2.585318279156109678e-01 -1.094124479083069534e-02
-1.178152234034632179e-01 -3.305241357318816631e-02
2.290353803282702688e-02 -6.874687117560396299e-02
1.636207977862718932e-01 -1.306767352256979764e-01
3.043381498052260548e-01 -2.406911369744250684e-01
4.438857870653879489e-01 -4.226065510475613407e-01
5.761205565672564699e-01 -5.564369444082305494e-01
6.945866796435479218e-01 -6.218103226943847428e-01
8.030886380805679625e-01 -6.504765252155593203e-01
9.087754266777919865e-01 -6.629398073402117397e-01
1.013812153649600090e+00 -6.647309074341722912e-01
1.119533461968853727e+00 -6.561450674465680866e-01
1.225958550660386281e+00 -6.441062484982078562e-01
1.332025138293399857e+00 -6.277214531044505996e-01
1.437659018174725967e+00 -6.098392535795915670e-01
1.542400709678475534e+00 -5.921100323288208678e-01
1.647047884112562866e+00 -5.747606163647660527e-01
1.752732515716715511e+00 -5.589283582311359577e-01
1.858642959159367392e+00 -5.447415462765958782e-01
1.964461343353568479e+00 -5.304244731251905876e-01
2.070331204396123947e+00 -5.153546567064026807e-01
2.175862345408117182e+00 -4.978597876997883920e-01
2.280701091641310185e+00 -4.763841459112165277e-01
2.385322945431565866e+00 -4.488295357846008860e-01
2.490708378016474711e+00 -4.129832044927911339e-01
2.596290681130164035e+00 -3.711795386602711466e-01
2.701621380391223237e+00 -3.209236533251272339e-01
2.810111457936180113e+00 -2.736628603120179193e-01
2.927359295639390346e+00 -2.321436778254036271e-01
3.054271314610121912e+00 -1.869379411528806212e-01
3.187200711661989150e+00 -1.338052086362987170e-01
3.323314186617649213e+00 -8.843997914537382599e-02
3.461334249056922552e+00 -6.099416091022413777e-02
3.600454801447219300e+00 -5.057548987858917489e-02
3.740225964317658747e+00 -5.067016967706339248e-02
3.880380743284907563e+00 -5.582421816155241912e-02
4.020757720983445083e+00 -6.299637365757759788e-02
4.161264383802878442e+00 -7.129692200626486231e-02
4.301845976627125978e+00 -8.016283535609858291e-02
4.442472974234884298e+00 -8.925551199956371917e-02
4.583126475859889304e+00 -9.832080914679386385e-02
4.723797047827410722e+00 -1.071340433571178752e-01
4.864478706603640568e+00 -1.153931859660627390e-01
5.005165464417591359e+00 -1.231302355159163975e-01
5.145856614038164523e+00 -1.303854750072436230e-01
5.286560422309760199e+00 -1.371247006595589235e-01
5.427273134544023492e+00 -1.433278056070401707e-01
5.567986921185328342e+00 -1.491175166225044979e-01
5.708701965161085745e+00 -1.545507143875613776e-01
5.849417005877010745e+00 -1.595861147077666242e-01
5.990131399171327864e+00 -1.643163986347090100e-01
6.130846568201222979e+00 -1.688399944501690619e-01
6.271555566528626890e+00 -1.732177303939959334e-01
6.412257938714102323e+00 -1.773770379901850325e-01
6.552961730119755579e+00 -1.814786261492392083e-01
6.693663297324594197e+00 -1.854305916010010880e-01
6.834361495269337006e+00 -1.892497330598366390e-01
6.975058855802674707e+00 -1.930351507549187828e-01
7.115756721395267270e+00 -1.967441514566377891e-01
7.256455471179624972e+00 -2.003806972260780972e-01
7.397157476502870033e+00 -2.040091132696443543e-01
7.537854779683403450e+00 -2.075501809220547111e-01
7.678550001281648107e+00 -2.111008163440326602e-01
7.819258590354380978e+00 -2.145849799600155761e-01
7.959971356511433171e+00 -2.180728810795871664e-01
8.100680674749392907e+00 -2.215245979911164009e-01
8.241389238289837493e+00 -2.249955975598250946e-01
8.382097735418176043e+00 -2.285354036734446037e-01
8.522805509875661656e+00 -2.320351058318149140e-01
8.663512148320057449e+00 -2.355452208917420687e-01
8.804216278754589453e+00 -2.391216108843131072e-01
8.944912396766525831e+00 -2.427046033311894835e-01
9.085611265747550291e+00 -2.463359002498849426e-01
9.226315965931155105e+00 -2.500518592796111550e-01
9.367018660801136321e+00 -2.537626218502986308e-01
9.507722075984981203e+00 -2.574656448182944812e-01
9.648425819984733920e+00 -2.612362167379279621e-01
9.789130461916045078e+00 -2.650278546172416538e-01
9.929835806818324784e+00 -2.688167892162245387e-01
1.007054415821510496e+01 -2.726536951677964171e-01
1.021124664614247202e+01 -2.764897300474282726e-01
1.035194850466873007e+01 -2.803062621324960424e-01
1.049265492848761561e+01 -2.841216531243456189e-01
1.063335716775140938e+01 -2.879608556079839010e-01
1.077405872927265662e+01 -2.917574945661524088e-01
1.091475977368544115e+01 -2.955582792611993748e-01
1.105546131379301578e+01 -2.994097272741309546e-01
1.119616173571276363e+01 -3.032296548103967648e-01
1.133687242116040750e+01 -3.069844252000472062e-01
1.147755823233725536e+01 -3.108380341668213753e-01
1.161824771641148146e+01 -3.147159669696323880e-01
1.175896781849053774e+01 -3.186127500343448049e-01
1.189967760334584135e+01 -3.230926063711220819e-01
1.204038818396365684e+01 -3.265936152756273025e-01
1.218110028596605510e+01 -3.328352494111717075e-01
1.232181306951877708e+01 -3.376380400364223378e-01
