-9.615384615384614975e+00 2.991587349275891539e-01
-9.615384615384614975e+00 2.265575056108013463e-01
-9.615384615384614975e+00 2.241451280567546833e-01
-9.474649757822048102e+00 2.219546618389204307e-01
-9.333974383054219004e+00 2.165929696494875989e-01
-9.193280956020945638e+00 2.125963808333988236e-01
-9.052549675473192892e+00 2.097242334950267795e-01
-8.911843340836563598e+00 2.067676594913803179e-01
-8.771157038025378938e+00 2.034947981115015070e-01
-8.630453762160914977e+00 1.997314725627763465e-01
-8.489741825161900124e+00 1.958827186983113089e-01
-8.349028298521098179e+00 1.923282102102484847e-01
-8.208328410491427363e+00 1.887397579078633481e-01
-8.067654234559567428e+00 1.855530781436297572e-01
-7.926916814124920663e+00 1.823432472625706735e-01
-7.786191059249984114e+00 1.789902784323199603e-01
-7.645532626307313784e+00 1.758803352448733426e-01
-7.504814909810411550e+00 1.726735155610844563e-01
-7.364095578309425072e+00 1.693668734315922908e-01
-7.223403031700144972e+00 1.661796396031601786e-01
-7.082693027372930494e+00 1.629115980696363430e-01
-6.942004168071441050e+00 1.596453018484730868e-01
-6.801286568047464343e+00 1.564811058274988564e-01
-6.660576382745993840e+00 1.531113158551608011e-01
-6.519905771673948358e+00 1.498092166335440178e-01
-6.379179453968361280e+00 1.467804631627471768e-01
-6.238444224165077934e+00 1.434032262323122753e-01
-6.097757695244120590e+00 1.401416068661550662e-01
-5.957072997982499452e+00 1.370584734187063058e-01
-5.816359245738683903e+00 1.337558386868718530e-01
-5.675642982258209734e+00 1.305332614167631911e-01
-5.534942252330318446e+00 1.274404832061005188e-01
-5.394246360221476522e+00 1.241912442346835288e-01
-5.253553679787930086e+00 1.211205932731845847e-01
-5.112823633058493300e+00 1.180395430598401019e-01
-4.972110469945596911e+00 1.147057384433576299e-01
-4.831447141114004751e+00 1.117153909041779247e-01
-4.690720646497297253e+00 1.086623881794817059e-01
-4.549997016190458154e+00 1.054392450619349719e-01
-4.409319462854170979e+00 1.024286021667135671e-01
-4.268607578781139722e+00 9.941310459093899432e-02
-4.127904604422428569e+00 9.628329294936160965e-02
-3.987193722591449330e+00 9.325816759353344754e-02
-3.846480881690059306e+00 9.021591815306617690e-02
-3.705813571509142701e+00 8.709570953842743490e-02
-3.565097335300425385e+00 8.431823082165562644e-02
-3.424356466014804923e+00 8.112514315869562287e-02
-3.283676026286588723e+00 7.814870413710850450e-02
-3.142985227289815331e+00 7.525212534038372425e-02
-3.002258763077099601e+00 7.221173976139927397e-02
-2.861547327896126536e+00 6.924637836656266643e-02
-2.720855636787022469e+00 6.635022948079244420e-02
-2.580155613383201985e+00 6.340376096146332907e-02
-2.439445090923553661e+00 6.055452404840883096e-02
-2.298720435035929377e+00 5.772533766824311519e-02
-2.158011623348903729e+00 5.480939190749439804e-02
-2.017330467488721801e+00 5.222267487175691336e-02
-1.876571686326473198e+00 4.975951966579239549e-02
-1.735803051574187794e+00 4.730329609628819432e-02
-1.595071694708796173e+00 4.555040005170052364e-02
-1.454243271428075968e+00 4.428000004886334384e-02
-1.313334259837414919e+00 4.376519502417203222e-02
-1.172305376488515183e+00 4.503768606551211695e-02
-1.031044032298719548e+00 4.883060617381407287e-02
-8.894238768840293519e-01 5.645979516737997805e-02
-7.471330100321506018e-01 7.027214737121750820e-02
-6.036997006355744322e-01 9.479601364646683681e-02
-4.583646918545593585e-01 1.330567237174364870e-01
-3.098827078585587591e-01 2.007383418099107919e-01
-1.553977787186306692e-01 2.663507662697045530e-01
8.646553602163016897e-03 3.110884224886226734e-01
1.813579659347889506e-01 3.395229598687404815e-01
3.572340356691717789e-01 3.589380858248119033e-01
5.328514879453430941e-01 3.731416788895384196e-01
7.086991658370969116e-01 3.842338331869534773e-01
8.852596214247635542e-01 3.931731346440799912e-01
1.061618016046417701e+00 4.008679798885008694e-01
1.237323147043093208e+00 4.071365809846015926e-01
1.412621030331308702e+00 4.123474320629962886e-01
1.588009453346297839e+00 4.167348847227140274e-01
1.763356866144002888e+00 4.201046425006697005e-01
1.938876876858918630e+00 4.220050464538689372e-01
2.115450969027596884e+00 4.227682598414392867e-01
2.291924038137525876e+00 4.223742018209355464e-01
2.467444483013317758e+00 4.197159015258156156e-01
2.642552375877746940e+00 4.147162758194548049e-01
2.817331911824564550e+00 4.054283761590987689e-01
2.992817695556602153e+00 3.901788316049676908e-01
3.168983299518208785e+00 3.655466534054409022e-01
3.344521410594060828e+00 3.238145947481295694e-01
3.517221670792874288e+00 2.588152414698918768e-01
3.679900096341647053e+00 1.574097298500877762e-01
3.828981075745359508e+00 5.087240953636640306e-02
3.970889394069891054e+00 -1.571388214081032020e-02
4.111583940317046881e+00 -5.703091344140748253e-02
4.252245262556163752e+00 -8.412238909238628493e-02
4.392975951565217585e+00 -1.020368064746996206e-01
4.533702478051434781e+00 -1.136749554353114477e-01
4.674377254197115583e+00 -1.207665199882292650e-01
4.815087965710678652e+00 -1.253181063420149288e-01
4.955787832450621266e+00 -1.281594596757991700e-01
5.096503574780851586e+00 -1.296672710025884856e-01
5.237218008727412943e+00 -1.308420819272805846e-01
5.377881984832577622e+00 -1.315651757710262215e-01
5.518610819062065076e+00 -1.321857122711617982e-01
5.659346232741884641e+00 -1.333497935724124450e-01
5.800013809439843904e+00 -1.345865298832602253e-01
5.940714277998089266e+00 -1.359862214881892017e-01
6.081434061840154115e+00 -1.379803939417535152e-01
6.222141779990614907e+00 -1.402644292685573391e-01
6.362840104784271311e+00 -1.427099714060664215e-01
6.503530803534242288e+00 -1.455322852947901757e-01
6.644241637652193333e+00 -1.485289601103242374e-01
6.784967755781559973e+00 -1.515712708353144089e-01
6.925658369327855723e+00 -1.550381497054500735e-01
7.066338704351997180e+00 -1.580967450412091857e-01
7.207079510641724696e+00 -1.615883320396620526e-01
7.347795700338989100e+00 -1.651558114117978038e-01
7.488462989158094274e+00 -1.685333301586978416e-01
7.629175819736884634e+00 -1.720399591143495777e-01
7.769886695114282205e+00 -1.755821722903582183e-01
7.910589669451942640e+00 -1.789832171290524354e-01
8.051301556949686855e+00 -1.824782104383021186e-01
8.191979109850757723e+00 -1.859081620370364452e-01
8.332702737327171150e+00 -1.892096548936956224e-01
8.473429236425166877e+00 -1.928679255630185441e-01
8.614092572984944240e+00 -1.961689823068367144e-01
8.754805742494427889e+00 -1.992831863838184503e-01
8.895535789588517872e+00 -2.026798442460552296e-01
9.036228466890266375e+00 -2.058700182478743201e-01
9.176924361373430372e+00 -2.089894409362994532e-01
9.317625091881920341e+00 -2.123303189689968451e-01
9.458341352264953983e+00 -2.155866669616600118e-01
9.599055105340632110e+00 -2.188392602613365434e-01
9.739739805525479355e+00 -2.223394271276303291e-01
9.880426330694316306e+00 -2.255211861381498373e-01
1.002116156333673658e+01 -2.290312192910034517e-01
1.016188788723061620e+01 -2.327508722385214224e-01
1.030255850001932139e+01 -2.361052670383171903e-01
1.044326868718690804e+01 -2.396175660545471764e-01
1.058398628544019537e+01 -2.433044516206748220e-01
1.072467514488170970e+01 -2.467581532123337973e-01
1.086538515081079304e+01 -2.503208347371940201e-01
1.100607769693939808e+01 -2.539648226304224155e-01
1.114679702807895723e+01 -2.574466825491016353e-01
1.128751474654197651e+01 -2.611148021369279482e-01
1.142817318000862237e+01 -2.646740116280622002e-01
1.156889893768382649e+01 -2.680754998949985701e-01
1.170963636044793432e+01 -2.717933292182188043e-01
1.185031053537654344e+01 -2.752875705434658093e-01
1.199101042514287663e+01 -2.787699283063022060e-01
1.213172395201541143e+01 -2.823379201574037212e-01
1.227243588765567672e+01 -2.857637044304215390e-01
1.241313916388135752e+01 -2.891806470489236558e-01
1.255382546735045501e+01 -2.926216472478438413e-01
1.269453179977605828e+01 -2.959261318888078973e-01
1.283526308081072109e+01 -2.996010102637798322e-01
1.297595651138672679e+01 -3.041753544720539604e-01
1.311663188829013293e+01 -3.105917451489084158e-01
1.325736657246383032e+01 -3.177693975101292256e-01
