-9.615384615384614975e+00 1.938846318952473502e-01
-9.615384615384614975e+00 1.222831143920553587e-01
-9.615384615384614975e+00 1.200887307434379547e-01
-9.474649757822048102e+00 1.183418362259857637e-01
-9.333974383054219004e+00 1.136132942598358508e-01
-9.193280956020945638e+00 1.092838996858981893e-01
-9.052549675473192892e+00 1.054620072104537898e-01
-8.911843340836563598e+00 1.018332229093079633e-01
-8.771157038025378938e+00 9.849280520454478660e-02
-8.630453762160914977e+00 9.503645063880789001e-02
-8.489741825161900124e+00 9.142786685190318341e-02
-8.349028298521098179e+00 8.792361676298005024e-02
-8.208328410491427363e+00 8.430566931268629327e-02
-8.067654234559567428e+00 8.101008704323869880e-02
-7.926916814124920663e+00 7.772783664403759563e-02
-7.786191059249984114e+00 7.431845761015354324e-02
-7.645532626307313784e+00 7.117895030586407490e-02
-7.504814909810411550e+00 6.802524206839993814e-02
-7.364095578309425072e+00 6.482477110791906583e-02
-7.223403031700144972e+00 6.177629857982230854e-02
-7.082693027372930494e+00 5.869955720644565167e-02
-6.942004168071441050e+00 5.564893683879795772e-02
-6.801286568047464343e+00 5.268673285590080857e-02
-6.660576382745993840e+00 4.955439168581443621e-02
-6.519905771673948358e+00 4.648600175207218133e-02
-6.379179453968361280e+00 4.367828132015638687e-02
-6.238444224165077934e+00 4.056674418334460519e-02
-6.097757695244120590e+00 3.753359225817476386e-02
-5.957072997982499452e+00 3.468108295787913908e-02
-5.816359245738683903e+00 3.163744753652358854e-02
-5.675642982258209734e+00 2.864371136700533116e-02
-5.534942252330318446e+00 2.577587214195348198e-02
-5.394246360221476522e+00 2.277610151549935846e-02
-5.253553679787930086e+00 1.994026002733373382e-02
-5.112823633058493300e+00 1.710444357117146819e-02
-4.972110469945596911e+00 1.402640053443354740e-02
-4.831447141114004751e+00 1.126412371606749785e-02
-4.690720646497297253e+00 8.477301751568022681e-03
-4.549997016190458154e+00 5.512689053063346556e-03
-4.409319462854170979e+00 2.731901707132056156e-03
-4.268607578781139722e+00 -1.549690883956289511e-05
-4.127904604422428569e+00 -2.881270937973412494e-03
-3.987193722591449330e+00 -5.660412345263210465e-03
-3.846480881690059306e+00 -8.436215854635553679e-03
-3.705813571509142701e+00 -1.128786702172751566e-02
-3.565097335300425385e+00 -1.381453496059503738e-02
-3.424356466014804923e+00 -1.671722781781798117e-02
-3.283676026286588723e+00 -1.944892313300516928e-02
-3.142985227289815331e+00 -2.208032023585576598e-02
-3.002258763077099601e+00 -2.483618856337965752e-02
-2.861547327896126536e+00 -2.755213994904082142e-02
-2.720855636787022469e+00 -3.018210809016896867e-02
-2.580155613383201985e+00 -3.284422885167709305e-02
-2.439445090923553661e+00 -3.542907706981585081e-02
-2.298720435035929377e+00 -3.798884920684131306e-02
-2.158011623348903729e+00 -4.063046253220115034e-02
-2.017330467488721801e+00 -4.295023211096071769e-02
-1.876571686326473198e+00 -4.512286027570699964e-02
-1.735803051574187794e+00 -4.730708433764591048e-02
-1.595071694708796173e+00 -4.877966148010831615e-02
-1.454243271428075968e+00 -4.976849934390881192e-02
-1.313334259837414919e+00 -5.000136646613129177e-02
-1.172305376488515183e+00 -4.841578975892885106e-02
-1.031044032298719548e+00 -4.435433528601867570e-02
-8.894238768840293519e-01 -3.645855185368546136e-02
-7.471330100321506018e-01 -2.234172109858445499e-02
-6.036997006355744322e-01 2.427520277021699702e-03
-4.583646918545593585e-01 3.993871589462777427e-02
-3.098827078585587591e-01 1.096072720622444652e-01
-1.553977787186306692e-01 1.734149289473862487e-01
8.646553602163016897e-03 2.184627337151507365e-01
1.813579659347889506e-01 2.480191204887163825e-01
3.572340356691717789e-01 2.679882477527884554e-01
5.328514879453430941e-01 2.824547232317888290e-01
7.086991658370969116e-01 2.935182291660653475e-01
8.852596214247635542e-01 3.025970678318763984e-01
1.061618016046417701e+00 3.103226516722601969e-01
1.237323147043093208e+00 3.167426970505960448e-01
1.412621030331308702e+00 3.219985837592493350e-01
1.588009453346297839e+00 3.264469815280885423e-01
1.763356866144002888e+00 3.297876056838105474e-01
1.938876876858918630e+00 3.314494517663247319e-01
2.115450969027596884e+00 3.319939912024428286e-01
2.291924038137525876e+00 3.311964870853896792e-01
2.467444483013317758e+00 3.280145471491293097e-01
2.642552375877746940e+00 3.224372047855797452e-01
2.817331911824564550e+00 3.126082949544414791e-01
2.992817695556602153e+00 2.965805178096016514e-01
3.168983299518208785e+00 2.711909279934862638e-01
3.344521410594060828e+00 2.285433278329314644e-01
3.517221670792874288e+00 1.636927503301149334e-01
3.679900096341647053e+00 6.224623953694602418e-02
3.828981075745359508e+00 -4.407362651353985417e-02
3.970889394069891054e+00 -1.110568435212460625e-01
4.111583940317046881e+00 -1.515236615090212180e-01
4.252245262556163752e+00 -1.764958276588257935e-01
4.392975951565217585e+00 -1.923706544236313820e-01
4.533702478051434781e+00 -2.023953806883629081e-01
4.674377254197115583e+00 -2.081516555049094108e-01
4.815087965710678652e+00 -2.115867048881496515e-01
4.955787832450621266e+00 -2.135674149424246215e-01
5.096503574780851586e+00 -2.144195989759317134e-01
5.237218008727412943e+00 -2.151050750991487515e-01
5.377881984832577622e+00 -2.154630478705412411e-01
5.518610819062065076e+00 -2.158091357061286963e-01
5.659346232741884641e+00 -2.168293215407743335e-01
5.800013809439843904e+00 -2.180042411864912266e-01
5.940714277998089266e+00 -2.193549340324734420e-01
6.081434061840154115e+00 -2.213359112327647482e-01
6.222141779990614907e+00 -2.236534572818402455e-01
6.362840104784271311e+00 -2.260923707611159350e-01
6.503530803534242288e+00 -2.288748111888578296e-01
6.644241637652193333e+00 -2.318002026845124575e-01
6.784967755781559973e+00 -2.347106328083602422e-01
6.925658369327855723e+00 -2.380121652088858786e-01
7.066338704351997180e+00 -2.408405483066133890e-01
7.207079510641724696e+00 -2.440218019284175477e-01
7.347795700338989100e+00 -2.473108650159640820e-01
7.488462989158094274e+00 -2.503201978856051113e-01
7.629175819736884634e+00 -2.534142035976478802e-01
7.769886695114282205e+00 -2.565418149692409444e-01
7.910589669451942640e+00 -2.595068695502128486e-01
8.051301556949686855e+00 -2.625670141022297122e-01
8.191979109850757723e+00 -2.655364095549904713e-01
8.332702737327171150e+00 -2.683208532356093912e-01
8.473429236425166877e+00 -2.715017243962513094e-01
8.614092572984944240e+00 -2.743319622153906345e-01
8.754805742494427889e+00 -2.769351898543790380e-01
8.895535789588517872e+00 -2.798868576700249133e-01
9.036228466890266375e+00 -2.826148401565174995e-01
9.176924361373430372e+00 -2.852164790295850794e-01
9.317625091881920341e+00 -2.880107619744958214e-01
9.458341352264953983e+00 -2.906806053605622830e-01
9.599055105340632110e+00 -2.932794010190922229e-01
9.739739805525479355e+00 -2.961021050782822739e-01
9.880426330694316306e+00 -2.985205904923790565e-01
1.002116156333673658e+01 -3.012185873634057320e-01
1.016188788723061620e+01 -3.041657280787477546e-01
1.030255850001932139e+01 -3.066871153932724248e-01
1.044326868718690804e+01 -3.093757431993060525e-01
1.058398628544019537e+01 -3.123448060430286666e-01
1.072467514488170970e+01 -3.150857283008310361e-01
1.086538515081079304e+01 -3.179723662804140316e-01
1.100607769693939808e+01 -3.209992152231084805e-01
1.114679702807895723e+01 -3.238559198073762690e-01
1.128751474654197651e+01 -3.269332471148149177e-01
1.142817318000862237e+01 -3.299189130380265622e-01
1.156889893768382649e+01 -3.327279708027812699e-01
1.170963636044793432e+01 -3.359206681450382925e-01
1.185031053537654344e+01 -3.388839731955016199e-01
1.199101042514287663e+01 -3.418238987402458240e-01
1.213172395201541143e+01 -3.448767502944044550e-01
1.227243588765567672e+01 -3.477918975258200152e-01
1.241313916388135752e+01 -3.507201172237215392e-01
1.255382546735045501e+01 -3.536839869186325647e-01
1.269453179977605828e+01 -3.564978395686979051e-01
1.283526308081072109e+01 -3.596252550073709697e-01
1.297595651138672679e+01 -3.635797989631415761e-01
1.311663188829013293e+01 -3.688415146214366058e-01
1.325736657246383032e+01 -3.747315013366311343e-01
