-9.615384615384614975e+00 1.097872604792204942e-01
-9.615384615384614975e+00 1.145577669059278381e-01
-9.615384615384614975e+00 1.190836783080435057e-01
-9.474674034762182728e+00 1.199312943067568638e-01
-9.333961932810701967e+00 1.204852192795759502e-01
-9.193249209235942132e+00 1.950522691605798831e-01
-9.087718077299589581e+00 1.057010474170709258e-01
-8.278621652317260882e+00 1.018958745355881268e-01
-8.137932169070246857e+00 9.838887357593750771e-02
-7.997246358679746869e+00 9.485152250082301562e-02
-7.856535673187702074e+00 9.122325573871614690e-02
-7.715835251076605950e+00 8.771359171458859016e-02
-7.575133710787178565e+00 8.431060215763652721e-02
-7.434432666245379018e+00 8.092702501284032568e-02
-7.293731104631662632e+00 7.762863303677847160e-02
-7.153028865322974106e+00 7.440645668818668401e-02
-7.012322441557115482e+00 7.122255951747447078e-02
-6.871620583122029835e+00 6.805800719666654786e-02
-6.730918095301028359e+00 6.495269549517812546e-02
-6.590209744050667950e+00 6.184780781719573239e-02
-6.449504399230737484e+00 5.874712335650145167e-02
-6.308799757323154012e+00 5.570515393977798491e-02
-6.168096013293208557e+00 5.264734620857458580e-02
-6.027392598036274585e+00 4.955764787827648954e-02
-5.886689903069602714e+00 4.653399882312703184e-02
-5.745985202786775936e+00 4.354489175955672531e-02
-5.605286334763085243e+00 4.053679278696747934e-02
-5.464590217757431923e+00 3.755842823454497159e-02
-5.323886087198529182e+00 3.459389018975927987e-02
-5.183179448402536416e+00 3.157674832723028624e-02
-5.042471673754184813e+00 2.863289317208400631e-02
-4.901763176581392045e+00 2.573120954493868240e-02
-4.761054612928113272e+00 2.278726280717247032e-02
-4.620345294644948808e+00 1.991499166615950944e-02
-4.479632528475685938e+00 1.698492254400540968e-02
-4.338923939563328780e+00 1.411459366267281412e-02
-4.198228718134351389e+00 1.124254278397840423e-02
-4.057531415047955115e+00 8.396601106565537709e-03
-3.916829409862762290e+00 5.560538824731897645e-03
-3.776130660149661811e+00 2.718964994424866166e-03
-3.635432794577881488e+00 -6.209358372116779989e-05
-3.494735434029932808e+00 -2.848121873478992594e-03
-3.354037240802872244e+00 -5.715246702747089902e-03
-3.213335686846121586e+00 -8.430994139354830441e-03
-3.072631908635829134e+00 -1.119892280340101243e-02
-2.931929541250511306e+00 -1.397146864889570184e-02
-2.791220542778046099e+00 -1.667608465122755179e-02
-2.650505373073849480e+00 -1.939998428263389751e-02
-2.509790979070649630e+00 -2.217515152339799567e-02
-2.369075937941755861e+00 -2.489827686102480397e-02
-2.228360893905333207e+00 -2.757223039236317286e-02
-2.087647107432246241e+00 -3.027795304695263257e-02
-1.946934395342137858e+00 -3.303197913317917900e-02
-1.806230587335851512e+00 -3.577461605565113167e-02
-1.665539438039883358e+00 -3.848318539979811437e-02
-1.524852680509202196e+00 -4.134635156857602301e-02
-1.384171022264187645e+00 -4.421816397335170956e-02
-1.243500451172781851e+00 -4.724297830306073420e-02
-1.102846950954612382e+00 -5.051721974411904625e-02
-9.622199541736421446e-01 -5.411358582778602599e-02
-8.216383610393273029e-01 -5.838965532000323089e-02
-6.811316990664365578e-01 -6.360589334662491989e-02
-5.407547249059740935e-01 -7.049884449742127579e-02
-4.005999518169291451e-01 -7.995583688385415888e-02
-2.608287981305854597e-01 -9.371929932494615922e-02
-1.217082611918462176e-01 -1.145823526450009955e-01
1.631177350941639959e-02 -1.476146223229029553e-01
1.524252000209921354e-01 -2.014678816134459483e-01
2.853545161085154214e-01 -2.907671994997642617e-01
4.122663375987596912e-01 -4.337336804138497981e-01
5.295139507080152130e-01 -5.902197811297147378e-01
6.380040840710746730e-01 -6.742515863856688441e-01
7.433350468692487834e-01 -7.170464180756086492e-01
8.489176175803931912e-01 -7.398546805348288347e-01
9.543034411648357862e-01 -7.487698668115556622e-01
1.058925170615623301e+00 -7.452122809037570184e-01
1.163763299688023833e+00 -7.351887356698922904e-01
1.269294232553482837e+00 -7.205998884994315734e-01
1.375164022476376813e+00 -7.036085689232721707e-01
1.480982053318760094e+00 -6.853687328614472829e-01
1.586892452267072207e+00 -6.676448419879449370e-01
1.692577662101782288e+00 -6.519322482168310451e-01
1.797225191778563769e+00 -6.367132212398440849e-01
1.901966635978623144e+00 -6.200264796460819294e-01
2.007600489239754094e+00 -6.025398197542829459e-01
2.113666586389427504e+00 -5.833624124169671799e-01
2.220090143290440743e+00 -5.619496516076163406e-01
2.325810884048482574e+00 -5.373931236034898973e-01
2.430849251072340067e+00 -5.082139335303219596e-01
2.536537467601537976e+00 -4.715350325427852818e-01
2.645039419342599896e+00 -4.261674086726157662e-01
2.763505542083512179e+00 -3.682090944051319981e-01
2.895740312756401202e+00 -3.195793292569634181e-01
3.035287951341729684e+00 -2.830725966522985027e-01
3.176005303362272159e+00 -2.699336358314322060e-01
3.316722563116500933e+00 -2.096951748459815745e-01
3.457441324519564319e+00 -1.151228171799862365e-01
3.598157929045777692e+00 -7.909000823486073140e-02
3.738870732956350640e+00 -9.050234434426851493e-02
3.879580069622229122e+00 -1.085272215583736322e-01
4.020285268840932069e+00 -1.270015693902987741e-01
4.160985091637150468e+00 -1.437421911765772997e-01
4.301680834788110808e+00 -1.579385463431190462e-01
4.442375302083248378e+00 -1.697306967440412317e-01
4.583068671928205440e+00 -1.795075108167331068e-01
4.723762797770784339e+00 -1.878685449783452921e-01
4.864458385662502771e+00 -1.950021431663831462e-01
5.005153370260005730e+00 -2.012128329406642213e-01
5.145849374231572959e+00 -2.067380981169616994e-01
5.286556059582379952e+00 -2.117065368351759569e-01
5.427270472328999951e+00 -2.161870313965381374e-01
5.567985261338900926e+00 -2.203629586674207830e-01
5.708700895002790432e+00 -2.243186503860959136e-01
5.849416280821070124e+00 -2.280224078310638114e-01
5.990130873825135538e+00 -2.315510174959674872e-01
6.130846156546034820e+00 -2.349748536600138049e-01
6.271555217398323556e+00 -2.383812721270409662e-01
6.412257631111157430e+00 -2.416408780485458929e-01
6.552961440704097917e+00 -2.449512125061956980e-01
6.693663003560313740e+00 -2.481903036270955432e-01
6.834361196449187048e+00 -2.513671480619126264e-01
6.975058552395488221e+00 -2.545693415593790476e-01
7.115756414021504384e+00 -2.577402190123774250e-01
7.256455160551428918e+00 -2.608808964130762131e-01
7.397157163683313108e+00 -2.640465687376967185e-01
7.537854464602078863e+00 -2.671275492032761933e-01
7.678549684695354927e+00 -2.702586295314899356e-01
7.819258273309071861e+00 -2.733213517377507396e-01
7.959971038347561922e+00 -2.763815942500114087e-01
8.100680354948062600e+00 -2.793920295356390748e-01
8.241388916314440038e+00 -2.823994646583604107e-01
8.382097411463485415e+00 -2.854553485302084304e-01
8.522805183103917770e+00 -2.884423173982254007e-01
8.663511818032391787e+00 -2.914005322626133099e-01
8.804215946125401260e+00 -2.943829260098259071e-01
8.944912072005578807e+00 -2.973315369769571337e-01
9.085610948089778205e+00 -3.002864957434399629e-01
9.226315644922896908e+00 -3.032992070251712136e-01
9.367018336407982204e+00 -3.062818336772238914e-01
9.507721748481449353e+00 -3.092366076584831536e-01
9.648425489773588382e+00 -3.122509079243545593e-01
9.789130129489770127e+00 -3.152822807952778694e-01
9.929835472658337991e+00 -3.183084080749575273e-01
1.007054382281036276e+01 -3.213899912948254833e-01
1.021124630955786117e+01 -3.244840247746242357e-01
1.035194816725269007e+01 -3.275720758641994523e-01
1.049265459054281102e+01 -3.306823465457099376e-01
1.063335682893863243e+01 -3.338366366090325110e-01
1.077405838947092676e+01 -3.369603728689896660e-01
1.091475943277391636e+01 -3.401074410491236044e-01
1.105546097167011688e+01 -3.433351746642877012e-01
1.119616139237612806e+01 -3.465602710868448955e-01
1.133687207695073518e+01 -3.497487166545286130e-01
1.147755789013995908e+01 -3.530842709147287151e-01
1.161824737600255908e+01 -3.564731678793637837e-01
1.175896747682923582e+01 -3.600283328244459624e-01
1.189967726025433770e+01 -3.640182695701937865e-01
1.204038783958056591e+01 -3.683635963581726736e-01
1.218109994047261857e+01 -3.736264776212143701e-01
1.232181283643998704e+01 -3.777797595369427053e-01
