-9.999999999999998890e-01 7.253795379971669961e-03
-9.985963053238027243e-01 1.905163201185064437e-02
-9.964908446882099202e-01 2.514656108246968516e-02
-9.933328386817924516e-01 7.799005130869733800e-03
-9.885962521032397587e-01 5.248286270283839677e-02
-9.779055260145498307e-01 1.563650773932317717e-01
-9.521456197699147417e-01 2.589287050011201408e-01
-9.202643005551702782e-01 3.260555990668280724e-01
-9.131407562472201311e-01 3.370301306371613070e-01
-8.811252614417621754e-01 3.896574139752476129e-01
-8.444869902173611775e-01 4.491435453418133883e-01
-8.060548352675420691e-01 4.996454101638240775e-01
-7.700533956477850772e-01 5.787179990829340870e-01
-7.670358792505268530e-01 5.812278604827333384e-01
-7.300890732498842572e-01 6.008337950659868865e-01
-6.896482390030187481e-01 6.422937636931159711e-01
-6.487823016311313751e-01 6.607846325392211506e-01
-6.001992132648021894e-01 6.695379995437232834e-01
-5.498063436362534695e-01 6.577078211121907270e-01
-5.441324411988655019e-01 6.755205641314238063e-01
-4.966292350061097260e-01 6.753458926474936730e-01
-4.758074181013709492e-01 6.677448643029074704e-01
-4.401342712320209793e-01 6.537265993515498641e-01
-4.255737907666408693e-01 6.410905281269030365e-01
-3.976373064309824401e-01 6.263647097148615783e-01
-3.529103261441833284e-01 6.097585500230315869e-01
-3.080544392213163118e-01 6.063960113914051986e-01
-2.560652515044207211e-01 6.379891752434266872e-01
-2.182406397037375267e-01 6.991268726079645779e-01
-1.644211013636712737e-01 8.286688140674033365e-01
-1.172793672488601086e-01 9.500464084703688084e-01
-7.363914490408320079e-02 1.041756661755637081e+00
-5.561016316901116335e-02 1.072213557225532909e+00
4.999356270612026650e-03 1.139068137206652009e+00
6.190449287451035149e-02 1.164107163707010617e+00
1.105213485699273745e-01 1.170540665484849363e+00
1.502498506745348350e-01 1.163271827719494889e+00
1.590119859144206449e-01 1.160879235383660335e+00
1.979629870640626788e-01 1.150242146574378621e+00
2.093690704442320305e-01 1.146855153594859456e+00
2.470492152099388050e-01 1.137798307112273921e+00
2.577073339835488364e-01 1.135393174581294407e+00
2.931316551287806993e-01 1.128893450064904380e+00
3.104190298838542805e-01 1.126109365181874766e+00
3.423813301752659521e-01 1.121305294161931698e+00
3.916315550612845531e-01 1.114194681032340872e+00
4.397178491270904988e-01 1.107198616198058261e+00
4.854153228286257615e-01 1.100667647535366056e+00
5.319647673813541200e-01 1.094338669309061096e+00
5.688146086569777493e-01 1.089558661674655315e+00
6.169402207384874215e-01 1.083574187145774470e+00
6.634142580564902358e-01 1.077947491105044620e+00
7.067536162242417097e-01 1.072916464064741726e+00
7.451575349211795318e-01 1.065499768874512254e+00
7.873657121480059917e-01 1.042875348725740059e+00
8.254031524585043744e-01 1.014262248119163434e+00
8.284842871936834996e-01 1.012589478747915495e+00
8.694885520704209725e-01 9.855627895120384618e-01
9.102184151864142203e-01 9.618227818440564514e-01
9.471075402778635910e-01 9.319211372376920988e-01
9.742128418690509939e-01 8.742265771776475125e-01
9.862255274412923267e-01 7.816472855013386623e-01
9.917809514815194571e-01 6.556930102908357094e-01
9.954853163895567292e-01 4.721909226619891431e-01
9.979552223225248708e-01 2.580977818342972130e-01
9.996019716190230886e-01 7.792055971907195511e-02
