-9.999999999999998890e-01 3.018450726512568114e-02
-9.978807835657583780e-01 7.365870329661451665e-02
-9.947022821606267273e-01 1.443557568544187875e-01
-9.899352678733576161e-01 2.093285082488318405e-01
-9.792734946362940951e-01 2.697073082270874389e-01
-9.559524640873031665e-01 3.168388940323211833e-01
-9.219784907017469777e-01 3.837497368245993412e-01
-8.849126098381100425e-01 4.134187691180518653e-01
-8.459597170853743187e-01 4.643385045066292238e-01
-8.067003009097869493e-01 4.901205960130317618e-01
-7.673396423092975205e-01 5.818132357431521351e-01
-7.281838333990493517e-01 6.037499469301096378e-01
-6.890260823319646066e-01 6.668484982654254711e-01
-6.498321709308259031e-01 7.087581407213338069e-01
-6.107912773372402571e-01 7.355035665949404278e-01
-5.717449886675469717e-01 7.615505297943976348e-01
-5.333097752090849575e-01 7.565667005347213037e-01
-4.946497280825374321e-01 7.525643204321647017e-01
-4.516591613517328407e-01 7.211681047540052791e-01
-4.115997672645923533e-01 6.958326284291749264e-01
-3.824367404460526920e-01 6.687017011520322018e-01
-3.363129486385448286e-01 6.434195110748949231e-01
-2.887474358169839772e-01 6.474031630965331185e-01
-2.444247530402551827e-01 7.065905585156453395e-01
-2.031673720597204635e-01 8.121278370745935726e-01
-1.535433086069179220e-01 9.590611066809008323e-01
-1.026132302948460223e-01 1.072320524176191281e+00
-5.838828439032115597e-02 1.127400562571287290e+00
-7.366179949420852309e-03 1.154569111285849381e+00
3.223552184183535452e-02 1.161863447279384065e+00
8.144696336610161846e-02 1.157995021814843373e+00
1.298258129913303360e-01 1.145568376358696794e+00
1.651749205829034783e-01 1.135901969541492029e+00
2.067443871229407149e-01 1.126822212802685463e+00
2.432690735639765067e-01 1.120932893500422134e+00
2.824011530507211098e-01 1.115577852567221306e+00
3.191828054039861362e-01 1.110644730455858653e+00
3.551096758272508369e-01 1.105715259294677733e+00
3.974687130083699449e-01 1.099895266566069507e+00
4.352689900513538324e-01 1.094869138217945181e+00
4.444950701358233447e-01 1.093684771822079460e+00
4.845224444307822953e-01 1.088663700904948239e+00
5.359731729154180169e-01 1.082541319915958145e+00
5.783126883246261229e-01 1.077739478809570217e+00
6.311393581732352986e-01 1.072059921282412676e+00
6.736616055607992370e-01 1.067755581547459087e+00
7.196846704697960062e-01 1.063284133966625467e+00
7.623993834163256267e-01 1.058968829844514348e+00
8.071846432472223887e-01 1.051796828734074873e+00
8.514878472633649054e-01 1.033252539321863450e+00
8.965250194520970606e-01 9.953091229814609031e-01
9.383387988375576638e-01 9.457045908337291529e-01
9.695253604436711026e-01 8.768163589579566208e-01
9.832479391154186343e-01 7.909802097913479768e-01
9.886490505079057467e-01 6.572856612463896520e-01
9.922502288160629513e-01 4.538429933336352029e-01
9.946512069742420303e-01 2.396185719225958632e-01
9.962519441690729227e-01 7.161326111199758926e-02
