-9.999999999999998890e-01 2.488195024069116829e-02
-9.978807835657583780e-01 4.153942374108940405e-02
-9.947022821606267273e-01 4.491214048139222093e-02
-9.899352678733576161e-01 7.759882264297524035e-03
-9.792734946362940951e-01 8.243395124141467134e-02
-9.559524640873031665e-01 1.788565235130238074e-01
-9.219784907017469777e-01 2.693855523436556321e-01
-8.849126098381100425e-01 3.338519143473379081e-01
-8.459597170853743187e-01 4.019164637365687520e-01
-8.067003009097869493e-01 4.550097409456969610e-01
-7.673396423092975205e-01 5.402793669187402337e-01
-7.281838333990493517e-01 5.665495036147029095e-01
-6.890260823319646066e-01 6.256423381951577989e-01
-6.498321709308259031e-01 6.460220689401617866e-01
-6.107912773372402571e-01 6.634295482609682271e-01
-5.717449886675469717e-01 6.753458364292653782e-01
-5.333097752090849575e-01 6.648899866586162055e-01
-4.946497280825374321e-01 6.563172912289518823e-01
-4.516591613517328407e-01 6.358340455364023258e-01
-4.115997672645923533e-01 6.258674388276160849e-01
-3.824367404460526920e-01 6.170440669378460807e-01
-3.363129486385448286e-01 6.260530803930481891e-01
-2.887474358169839772e-01 6.712753572005877301e-01
-2.444247530402551827e-01 7.582685207903041569e-01
-2.031673720597204635e-01 8.561622810571307696e-01
-1.535433086069179220e-01 9.696528920967814047e-01
-1.026132302948460223e-01 1.058653745701095827e+00
-5.838828439032115597e-02 1.108962958636124263e+00
-7.366179949420852309e-03 1.144431517716963942e+00
3.223552184183535452e-02 1.156956685959134035e+00
8.144696336610161846e-02 1.163345701077001859e+00
1.298258129913303360e-01 1.155556555801951601e+00
1.651749205829034783e-01 1.146481676885412471e+00
2.067443871229407149e-01 1.135777352800504625e+00
2.432690735639765067e-01 1.128057828626280568e+00
2.824011530507211098e-01 1.121275053525577325e+00
3.191828054039861362e-01 1.115926381475072837e+00
3.551096758272508369e-01 1.110992752099130287e+00
3.974687130083699449e-01 1.105215386970451519e+00
4.352689900513538324e-01 1.100071358624247653e+00
4.444950701358233447e-01 1.098847176969455663e+00
4.845224444307822953e-01 1.093613915086299127e+00
5.359731729154180169e-01 1.087253211535408326e+00
5.783126883246261229e-01 1.082300802638929582e+00
6.311393581732352986e-01 1.076338864924969885e+00
6.736616055607992370e-01 1.071397468262918595e+00
7.196846704697960062e-01 1.065072328868314155e+00
7.623993834163256267e-01 1.056675763846992355e+00
8.071846432472223887e-01 1.043209088210450108e+00
8.514878472633649054e-01 1.023548619941955673e+00
8.965250194520970606e-01 9.939918713414005458e-01
9.383387988375576638e-01 9.488401777234085621e-01
9.695253604436711026e-01 8.767061224805788866e-01
9.832479391154186343e-01 7.894929704565996076e-01
9.886490505079057467e-01 6.431823401778135052e-01
9.922502288160629513e-01 4.410931751651365196e-01
9.946512069742420303e-01 2.339828040570175738e-01
9.962519441690729227e-01 7.018106785139339998e-02
