-9.169355565362466987e-01 4.803902184979039897e-02
-9.108968534528466554e-01 1.867600459933017876e-01
-9.018406431399322853e-01 3.223418224141655908e-01
-8.882606148141694025e-01 4.040651232752777711e-01
-8.679007072819568958e-01 4.641624858204123627e-01
-8.108230432243248575e-01 5.732748985045192924e-01
-7.104608914240599926e-01 6.540930457307611023e-01
-6.552219031938986138e-01 6.784631301679199256e-01
-6.000246815959615621e-01 6.845420408295828096e-01
-5.404360814598591078e-01 6.850802293626004902e-01
-5.063047712695324387e-01 6.763469158871521225e-01
-4.226841284155187228e-01 6.660001028299354919e-01
-4.180830846073219087e-01 6.649461351755392435e-01
-3.426145353279343997e-01 6.845694990558061077e-01
-2.357995862335491022e-01 8.439275068370091226e-01
-1.563246740798308332e-01 1.017048304571127826e+00
-9.685434329939837661e-02 1.088385762875554441e+00
-3.893473540972145625e-02 1.122229533869791851e+00
-2.440240844638170981e-02 1.123135370043175874e+00
2.440240844638064122e-02 1.135942816768958474e+00
9.523998705917816054e-02 1.137334698445688241e+00
1.785293479834144381e-01 1.131517241683519526e+00
2.255208883847219792e-01 1.124570630463435306e+00
2.793956463307417093e-01 1.119800224806246858e+00
3.462239705307094129e-01 1.112595779780902738e+00
4.101889980200751351e-01 1.107145745067171339e+00
4.765152874079927048e-01 1.099774272462521907e+00
5.535169612417396579e-01 1.094175167138378368e+00
6.253657439702300369e-01 1.087630332730971539e+00
7.125560509521547958e-01 1.082275911540156121e+00
7.857010795980128304e-01 1.075412752525015669e+00
8.842581629271514254e-01 1.055867124190104755e+00
9.654362346089114810e-01 1.029204763947376922e+00
1.017270496255893830e+00 9.350685587331278859e-01
1.037619088128992617e+00 8.666945730370148038e-01
1.051192345161717556e+00 7.833525541548829185e-01
1.060244388721611308e+00 6.328798575759898570e-01
1.066280469507497664e+00 2.900499096688001210e-01
