-9.999999999999998890e-01 4.779713751175094366e-02
-9.939612969165997347e-01 1.875912926787847157e-01
-9.849050866036853646e-01 3.218886362472401230e-01
-9.713250582779224818e-01 4.046057795472123852e-01
-9.509651507457099751e-01 4.675848451932081429e-01
-9.029737655526834939e-01 5.371998634225599867e-01
-7.870898304680152835e-01 6.427228921527082806e-01
-5.736037686086260523e-01 7.895807451205589800e-01
-3.212598341987411010e-01 9.484900994406996189e-01
-8.605876476273814635e-02 1.058654258080189425e+00
6.750242112639150138e-02 1.093717610616705249e+00
1.411491694744981540e-01 1.107668040821332189e+00
3.608903130427770223e-01 1.126723650549589006e+00
5.648906384612844001e-01 1.118703824156356275e+00
7.835257157635356906e-01 1.065931582972970748e+00
9.062920430205826383e-01 1.010714999026391059e+00
9.342060527921397517e-01 9.511423076819126576e-01
9.545546446652395378e-01 8.713913977221516838e-01
9.681279016979644769e-01 7.851367425041834158e-01
9.771799452578581180e-01 6.350869811696749911e-01
9.832160260437445842e-01 2.928735415631826267e-01
