-9.999999999999998890e-01 5.838365473462261979e-02
-9.967112956592284467e-01 1.240951650186258720e-01
-9.917786513820581185e-01 2.137555561018943118e-01
-9.783401247237426546e-01 3.612656329786562703e-01
-9.532307271828026618e-01 4.299768682517886020e-01
-9.071983760585125012e-01 4.934069001348269090e-01
-8.788975349745254961e-01 5.294049130660093416e-01
-8.544517666971199743e-01 5.545558464559697809e-01
-8.050126741068838188e-01 5.989408925284405161e-01
-7.702477354687335964e-01 6.434760079725687643e-01
-7.201465043270476318e-01 6.723360657643617788e-01
-6.961178119283539800e-01 7.024457226121818554e-01
-6.689973017208921124e-01 7.058829463996766362e-01
-6.314193676018128309e-01 7.140388144391518477e-01
-5.889296814328960350e-01 7.232596856959226939e-01
-5.678026277028317415e-01 7.225199543314319017e-01
-5.354405662098186136e-01 7.190625640903867133e-01
-5.073607626588191311e-01 7.127706414506921329e-01
-4.798094589052139258e-01 7.052078608494027900e-01
-4.298320299089051777e-01 6.856280916219957833e-01
-3.815656935424749374e-01 6.701554950161938695e-01
-3.349818881666142278e-01 6.754682618916051373e-01
-2.876704498405862620e-01 7.232055527285977670e-01
-2.412823833873739277e-01 8.390136771306608843e-01
-2.074982432028994739e-01 9.532591662137752664e-01
-1.544562548679872249e-01 1.085448142777587943e+00
-1.125952760403727826e-01 1.126166271531114482e+00
-5.994762587459503966e-02 1.136721787555562413e+00
-6.240463974226865759e-03 1.132525140587638424e+00
3.017591530243834974e-02 1.127009104351401891e+00
6.829890699808430221e-02 1.121544431635567829e+00
1.019562693422816635e-01 1.117623835781600405e+00
1.448213534765366017e-01 1.113257843985299811e+00
1.835811582638645911e-01 1.109417037947292295e+00
2.216898857919572252e-01 1.105689039365145732e+00
2.623382086047753581e-01 1.101791215058416817e+00
2.949411692574376298e-01 1.098746075832792268e+00
3.359655019586819114e-01 1.095030662405297006e+00
3.618741563309623710e-01 1.092739538431410917e+00
3.788874237083160734e-01 1.091247078938485382e+00
4.119230894504736784e-01 1.088409558143801581e+00
4.619756760029332665e-01 1.084236433113597409e+00
5.110812737833408947e-01 1.080276032877141024e+00
5.595223876914284800e-01 1.076500001227183922e+00
6.019911032642992765e-01 1.073300310189044815e+00
6.478060377728807051e-01 1.069977363492191413e+00
6.905909553910030141e-01 1.067005030292149215e+00
7.307039234275505279e-01 1.064282579264464790e+00
7.670363441818035533e-01 1.061379792911742337e+00
8.047475827492761580e-01 1.053830649351776838e+00
8.418501026268458975e-01 1.037204596184707395e+00
8.791726611200878505e-01 1.010027644705037142e+00
9.143001025681595229e-01 9.731263277734532036e-01
9.469535231795321861e-01 9.204592019244494105e-01
9.701872576488451694e-01 8.398934080405029423e-01
9.812932734946581137e-01 7.563580300561080216e-01
9.865898561443544601e-01 6.190388000834491367e-01
