-9.186923516402509815e-01 9.214386965266527924e-03
-9.141446955771592719e-01 5.171778429420350459e-02
-9.073242392774985010e-01 1.272815217333321813e-01
-8.970959242014232560e-01 1.972350566601864252e-01
-8.706420276047566187e-01 3.113569520234037991e-01
-7.990900797011081247e-01 4.753780890719725427e-01
-7.075783189889381930e-01 6.171371024776044489e-01
-6.302964017194816471e-01 6.795006315370534233e-01
-4.448224563076985660e-01 8.627100534559682954e-01
-3.300832190817124534e-01 9.502798842335691276e-01
-3.148337228515590280e-01 9.569080646552000635e-01
-1.758136856424382111e-01 1.032779493886256672e+00
-1.461831047211479551e-01 1.044270606500579124e+00
0.000000000000000000e+00 1.087296652484274873e+00
7.389520184613286580e-02 1.100776151670402880e+00
2.687342685031803291e-01 1.117404969910839263e+00
3.807945858743709278e-01 1.115229674407478777e+00
4.756128829223188470e-01 1.109877480395859539e+00
5.898337298474988222e-01 1.109639010503618461e+00
7.327783022030235349e-01 1.081122393063663756e+00
8.693853596885965374e-01 1.030376067644661608e+00
9.529370071561559241e-01 9.992857872200081593e-01
1.032215070338700524e+00 9.260909649834710988e-01
1.047728627695612369e+00 8.406370744335615042e-01
1.057955328801523764e+00 7.534044541971247622e-01
1.064774911469065000e+00 6.267174515456706008e-01
1.069322075552660012e+00 4.083202694328362248e-01
