1.862745098039215730e-01 -3.390931654909615789e-01
2.058823529411764053e-01 -3.386030521817786632e-01
1.666666666666666297e-01 -3.308106893343752963e-01
2.254901960784313486e-01 -3.286592525480896421e-01
1.470588235294116863e-01 -3.117669080897863543e-01
2.450980392156862919e-01 -3.114330101924432936e-01
2.647058823529411242e-01 -2.902161922550296480e-01
1.274509803921568540e-01 -2.826316865577102599e-01
2.843137254901960675e-01 -2.677865186416252818e-01
1.078431372549020217e-01 -2.459143778567388638e-01
3.039215686274510109e-01 -2.459101200963448863e-01
3.235294117647058432e-01 -2.252971979966497396e-01
3.431372549019607865e-01 -2.059880688205917298e-01
8.823529411764707842e-02 -2.048897750051022759e-01
3.627450980392157298e-01 -1.876905931066084054e-01
3.823529411764705621e-01 -1.700234261590212737e-01
6.862745098039213509e-02 -1.625155648374666528e-01
4.019607843137255054e-01 -1.526558872491881602e-01
4.215686274509804488e-01 -1.353586440944594405e-01
4.901960784313730279e-02 -1.200918582663518114e-01
4.411764705882352811e-01 -1.179953271582080826e-01
4.607843137254902244e-01 -1.005008617849018626e-01
4.803921568627451677e-01 -8.285253845044157628e-02
2.941176470588235947e-02 -7.618865338760975880e-02
5.000000000000000000e-01 -6.504839866502934442e-02
5.196078431372548323e-01 -4.709749694598224651e-02
5.392156862745097756e-01 -2.901715777400154517e-02
9.803921568627419619e-03 -2.790796210022492702e-02
5.588235294117647189e-01 -1.068467808934231607e-02
5.784313725490195512e-01 7.868281022721477017e-03
5.980392156862744946e-01 2.651427235238578567e-02
6.176470588235294379e-01 4.553108667759044742e-02
6.372549019607842702e-01 6.489605376317847396e-02
6.568627450980392135e-01 8.465319879116932344e-02
6.764705882352941568e-01 1.048781445592719963e-01
6.960784313725489891e-01 1.256492798352934481e-01
7.156862745098039325e-01 1.470349373303219409e-01
7.352941176470588758e-01 1.690742797085963423e-01
7.549019607843137081e-01 1.917484875254580612e-01
7.745098039215685404e-01 2.149441594190115712e-01
7.941176470588233727e-01 2.384118735106793840e-01
8.137254901960784270e-01 2.617156004017077708e-01
8.333333333333334814e-01 2.842183509704329092e-01
8.529411764705883137e-01 3.051978831731498865e-01
8.725490196078431460e-01 3.238662902675688016e-01
8.921568627450979783e-01 3.399282033447977303e-01
9.117647058823528106e-01 3.540265604037333702e-01
9.264705882352940458e-01 3.661451007155497872e-01
9.362745098039216840e-01 3.785148057390171350e-01
9.460784313725492112e-01 3.972590670004805813e-01
9.534313725490197733e-01 4.205311611608599232e-01
9.583333333333334814e-01 4.400628548079975055e-01
9.632352941176471894e-01 4.649284437016696914e-01
9.669117647058824705e-01 4.887527632268511835e-01
9.693627450980393245e-01 5.066277356053163761e-01
9.718137254901961786e-01 5.268122552955141202e-01
9.736519607843138191e-01 5.441398152913299313e-01
9.748774509803922461e-01 5.567775465126495460e-01
9.761029411764706731e-01 5.709243912135197885e-01
9.773284313725491002e-01 5.869177785350125909e-01
9.785539215686275272e-01 6.049355426803307845e-01
9.797794117647059542e-01 6.247790455975664736e-01
9.810049019607843812e-01 6.457517151402323297e-01
9.822303921568628082e-01 6.669660334425360215e-01
9.834558823529412352e-01 6.879395757437362091e-01
9.846813725490196623e-01 7.086988709936817843e-01
9.859068627450980893e-01 7.295210206123683427e-01
9.871323529411765163e-01 7.507536491061428396e-01
9.883578431372549433e-01 7.727620632412962598e-01
9.895833333333333703e-01 7.957000869737754778e-01
9.908088235294117974e-01 8.191817610009515249e-01
9.920343137254902244e-01 8.425186669176747412e-01
9.932598039215686514e-01 8.653893442212795550e-01
9.944852941176470784e-01 8.880344305316205666e-01
