1.757425742574256766e-01 -3.808356265028791654e-01
1.707920792079207217e-01 -3.808184388091395700e-01
1.806930693069306315e-01 -3.800321764242738376e-01
1.658415841584157668e-01 -3.799384391893166346e-01
1.856435643564355864e-01 -3.784575532345015869e-01
1.608910891089108119e-01 -3.781880788065901111e-01
1.905940594059405413e-01 -3.761559553982241622e-01
1.559405940594058571e-01 -3.755449671148690660e-01
1.955445544554454962e-01 -3.731836582600318031e-01
1.509900990099009022e-01 -3.720021404455363667e-01
2.004950495049504511e-01 -3.696033771246314825e-01
1.460396039603959473e-01 -3.675666791702461023e-01
2.054455445544554060e-01 -3.654819931836075786e-01
1.410891089108909924e-01 -3.622567334834840835e-01
2.103960396039603609e-01 -3.608882912320622305e-01
1.361386138613860375e-01 -3.560985405777192803e-01
2.153465346534653158e-01 -3.558910920536750289e-01
2.202970297029702706e-01 -3.505576000774061063e-01
1.311881188118810826e-01 -3.491087614061373356e-01
2.252475247524752255e-01 -3.449517447924729252e-01
2.301980198019801804e-01 -3.391339882135149253e-01
1.237623762376237613e-01 -3.374634288501135448e-01
2.351485148514851353e-01 -3.331555148515497611e-01
2.425742574257425677e-01 -3.241573817711019267e-01
1.138613861386139625e-01 -3.193485587563446026e-01
2.524752475247524774e-01 -3.117120412458347922e-01
2.623762376237623872e-01 -2.992749338780717472e-01
1.039603960396040527e-01 -2.987732900177764717e-01
2.722772277227722970e-01 -2.870694097045066728e-01
9.405940594059414295e-02 -2.763113331504274961e-01
2.821782178217822068e-01 -2.752190712478437273e-01
2.920792079207921166e-01 -2.638063147671328990e-01
3.019801980198020264e-01 -2.528367917605320314e-01
8.415841584158423316e-02 -2.525070753664135914e-01
3.118811881188119361e-01 -2.422812819148099373e-01
3.217821782178218459e-01 -2.320676997037029732e-01
7.425742574257432338e-02 -2.277927795550286905e-01
3.316831683168317557e-01 -2.221274614892754240e-01
3.415841584158416655e-01 -2.123970380268756508e-01
3.514851485148515753e-01 -2.028213386714368960e-01
6.435643564356441360e-02 -2.024071905862733500e-01
3.613861386138614851e-01 -1.933540743928860439e-01
3.712871287128713949e-01 -1.839573520395532125e-01
5.445544554455450381e-02 -1.763290031655246337e-01
3.811881188118811936e-01 -1.746012755341072309e-01
3.910891089108909924e-01 -1.652631204813819199e-01
4.009900990099009022e-01 -1.559262286463461988e-01
4.455445544554459403e-02 -1.492552334424011307e-01
4.108910891089108119e-01 -1.465791097742985827e-01
4.207920792079207217e-01 -1.372141944438900751e-01
4.306930693069306315e-01 -1.278269087052531505e-01
3.465346534653468424e-02 -1.206730861563552887e-01
4.405940594059405413e-01 -1.184148022937083350e-01
4.504950495049504511e-01 -1.089767766744173944e-01
4.603960396039603609e-01 -9.951246884087094902e-02
4.702970297029702706e-01 -9.002178358783236023e-02
2.475247524752477446e-02 -8.998204561228818898e-02
4.801980198019801804e-01 -8.050456543598409620e-02
4.900990099009900902e-01 -7.096039349931571039e-02
5.000000000000000000e-01 -6.138847720474512049e-02
1.485148514851486468e-02 -5.658837553788925723e-02
5.099009900990099098e-01 -5.178764736534707119e-02
5.198019801980198196e-01 -4.215638944434554197e-02
5.297029702970297294e-01 -3.249273688745287630e-02
5.396039603960396391e-01 -2.279094101683519155e-02
4.950495049504954892e-03 -2.004708622577133087e-02
5.495049504950495489e-01 -1.304428032240724164e-02
5.594059405940594587e-01 -3.250835168866293874e-03
5.693069306930693685e-01 6.588848035677044232e-03
5.792079207920792783e-01 1.647742466491217833e-02
5.891089108910891881e-01 2.642364639270913806e-02
5.990099009900990978e-01 3.643612858968153789e-02
6.089108910891090076e-01 4.652307943644958671e-02
6.188118811881189174e-01 5.668741364900754809e-02
6.287128712871287162e-01 6.693660658985746414e-02
6.386138613861385149e-01 7.727903980071935963e-02
6.485148514851484247e-01 8.772377042304418948e-02
6.584158415841583345e-01 9.828060104085598048e-02
6.683168316831682443e-01 1.089601097364276544e-01
6.782178217821781541e-01 1.197733989064574123e-01
6.881188118811880639e-01 1.307319135219937867e-01
6.980198019801979736e-01 1.418469970527880264e-01
7.079207920792078834e-01 1.531295863550939662e-01
7.178217821782177932e-01 1.645894550882274210e-01
7.277227722772277030e-01 1.762342682865012666e-01
7.376237623762376128e-01 1.880684402403185740e-01
7.475247524752475226e-01 2.000917684801843677e-01
7.574257425742574323e-01 2.122977740328615970e-01
7.673267326732673421e-01 2.246722172980246124e-01
7.772277227722772519e-01 2.371903702235405587e-01
7.871287128712871617e-01 2.498186001659918332e-01
7.970297029702970715e-01 2.625050786054870522e-01
8.069306930693069813e-01 2.751973231119484997e-01
8.168316831683168910e-01 2.877883149056087442e-01
8.242574257425743234e-01 2.968879234196313277e-01
8.292079207920792783e-01 3.029874285323525540e-01
8.341584158415842332e-01 3.090255527804426916e-01
8.391089108910891881e-01 3.149863634986220240e-01
8.440594059405941429e-01 3.208531186370351951e-01
8.490099009900990978e-01 3.266077046082404567e-01
8.539603960396040527e-01 3.322321993507289517e-01
8.589108910891090076e-01 3.377090191132736674e-01
8.638613861386139625e-01 3.430209894414511518e-01
8.688118811881189174e-01 3.481516790992676968e-01
8.737623762376238723e-01 3.530861035945397908e-01
8.787128712871288272e-01 3.578119073285171425e-01
8.836633663366337821e-01 3.623211811884303191e-01
8.886138613861387370e-01 3.666131662604882879e-01
8.935643564356436919e-01 3.706981725626013469e-01
8.985148514851486468e-01 3.746030665616528199e-01
9.034653465346536017e-01 3.783789219692400563e-01
9.084158415841585565e-01 3.821108852519687904e-01
9.133663366336635114e-01 3.859275634576158631e-01
9.183168316831684663e-01 3.900255289075836296e-01
9.232673267326734212e-01 3.946701220489322037e-01
9.282178217821783761e-01 4.002506898123315282e-01
9.331683168316833310e-01 4.072580489853516172e-01
9.381188118811882859e-01 4.163303757728598065e-01
9.430693069306932408e-01 4.282489193429213081e-01
9.480198019801981957e-01 4.439338851761195359e-01
9.529702970297031506e-01 4.644161080504478623e-01
9.579207920792081055e-01 4.907804356870684726e-01
9.628712871287130604e-01 5.240742627283183630e-01
9.678217821782180152e-01 5.651785527175057222e-01
9.727722772277229701e-01 6.146449273398458812e-01
9.777227722772279250e-01 6.725123604173895986e-01
9.826732673267328799e-01 7.381287901057971279e-01
9.876237623762378348e-01 8.100238146773151016e-01
9.925742574257427897e-01 8.858845226419953534e-01
