1.732673267326731992e-01 -3.865419538817082556e-01
1.633663366336632894e-01 -3.851020038867301043e-01
1.831683168316831090e-01 -3.847204965320136227e-01
1.534653465346533796e-01 -3.802969003773677970e-01
1.930693069306930187e-01 -3.799589136225178798e-01
2.029702970297029285e-01 -3.726406875698311527e-01
1.435643564356434698e-01 -3.718502084038616262e-01
2.128712871287128383e-01 -3.632879963364821774e-01
1.336633663366335600e-01 -3.597926153314129905e-01
2.227722772277227481e-01 -3.524431386728747451e-01
1.237623762376237613e-01 -3.443566037377250311e-01
2.326732673267326579e-01 -3.406164033961729953e-01
2.425742574257425677e-01 -3.282537238911882871e-01
1.138613861386139625e-01 -3.259335810661944111e-01
2.524752475247524774e-01 -3.157172202383193294e-01
1.039603960396040527e-01 -3.050313412441656991e-01
2.623762376237623872e-01 -3.032743297105317537e-01
2.722772277227722970e-01 -2.911019115407816327e-01
9.405940594059414295e-02 -2.822146633572905627e-01
2.821782178217822068e-01 -2.792991032300322640e-01
2.920792079207921166e-01 -2.679047424542643774e-01
8.415841584158423316e-02 -2.580284332255139423e-01
3.019801980198020264e-01 -2.569134969094301058e-01
3.118811881188119361e-01 -2.462905873475657870e-01
3.217821782178218459e-01 -2.359842299028292179e-01
7.425742574257432338e-02 -2.329045547784195647e-01
3.316831683168317557e-01 -2.259354774472743521e-01
3.415841584158416655e-01 -2.160853795447172376e-01
6.435643564356441360e-02 -2.070719308549223425e-01
3.514851485148515753e-01 -2.063797108871951724e-01
3.613861386138614851e-01 -1.967716946099901110e-01
3.712871287128713949e-01 -1.872231072190306544e-01
5.445544554455450381e-02 -1.804841246126623333e-01
3.811881188118811936e-01 -1.777042344307440680e-01
3.910891089108909924e-01 -1.681930661008017580e-01
4.009900990099009022e-01 -1.586741155690855887e-01
4.455445544554459403e-02 -1.528188493474733345e-01
4.108910891089108119e-01 -1.491372288375245048e-01
4.207920792079207217e-01 -1.395762339097446902e-01
4.306930693069306315e-01 -1.299878896922324889e-01
3.465346534653468424e-02 -1.235244951247192746e-01
4.405940594059405413e-01 -1.203708899336243116e-01
4.504950495049504511e-01 -1.107250531308858893e-01
4.603960396039603609e-01 -1.010507062951856438e-01
2.722772277227725191e-02 -1.000466929907652402e-01
4.702970297029702706e-01 -9.134824738628505303e-02
2.351485148514853574e-02 -8.782810961102505143e-02
4.801980198019801804e-01 -8.161785229933782304e-02
2.103960396039605829e-02 -7.944479888964667280e-02
4.900990099009900902e-01 -7.185931836990186450e-02
1.856435643564358084e-02 -7.087763778183078789e-02
1.608910891089110340e-02 -6.211742668353219254e-02
5.000000000000000000e-01 -6.207200714334108749e-02
1.361386138613862595e-02 -5.315728891938645284e-02
5.099009900990099098e-01 -5.225486645250602968e-02
1.113861386138614851e-02 -4.399112125094246234e-02
5.198019801980198196e-01 -4.240650289924999261e-02
8.663366336633671061e-03 -3.461294290109664246e-02
5.297029702970297294e-01 -3.252505113891655808e-02
6.188118811881193615e-03 -2.501675210289674295e-02
5.396039603960396391e-01 -2.260411269290158245e-02
5.495049504950495489e-01 -1.263763878048243354e-02
5.594059405940594587e-01 -2.623631884253265194e-03
5.693069306930693685e-01 7.436475815467094574e-03
5.792079207920792783e-01 1.754538700869055431e-02
5.891089108910891881e-01 2.771245597884363851e-02
5.990099009900990978e-01 3.794632219951156460e-02
6.089108910891090076e-01 4.825386014062449380e-02
6.188118811881189174e-01 5.863804988151983394e-02
6.287128712871287162e-01 6.910600064704645884e-02
6.386138613861385149e-01 7.966576161582136772e-02
6.485148514851484247e-01 9.032601018890211442e-02
6.584158415841583345e-01 1.010961019527770177e-01
6.683168316831682443e-01 1.119860895589627897e-01
6.782178217821781541e-01 1.230066228274587226e-01
6.881188118811880639e-01 1.341687557264074904e-01
6.980198019801979736e-01 1.454836270325828018e-01
7.079207920792078834e-01 1.569619854584071994e-01
7.178217821782177932e-01 1.686135324642036026e-01
7.277227722772277030e-01 1.804460591682686688e-01
7.376237623762376128e-01 1.924643627823232339e-01
7.475247524752475226e-01 2.046689406777454368e-01
7.574257425742574323e-01 2.170544763140945799e-01
7.673267326732673421e-01 2.296081516703572523e-01
7.772277227722772519e-01 2.423078433923185615e-01
7.871287128712871617e-01 2.551202716078881383e-01
7.970297029702970715e-01 2.679992025516657606e-01
8.069306930693069813e-01 2.808836851067557094e-01
8.168316831683168910e-01 2.936941855425647119e-01
8.267326732673268008e-01 3.063380549870712843e-01
8.366336633663367106e-01 3.187074417435822316e-01
8.465346534653466204e-01 3.306818688747578117e-01
8.564356435643565302e-01 3.421313231669279586e-01
8.663366336633664400e-01 3.529216696410002463e-01
8.762376237623763497e-01 3.629281240871188308e-01
8.861386138613862595e-01 3.720658947758976320e-01
8.960396039603961693e-01 3.803567304910694946e-01
9.059405940594060791e-01 3.880556615357093064e-01
9.158415841584159889e-01 3.958920071814694408e-01
9.257425742574258987e-01 4.053654925200239068e-01
9.356435643564358084e-01 4.194064242918250640e-01
9.455445544554457182e-01 4.428842630587077056e-01
9.554455445544556280e-01 4.828295331641155874e-01
9.653465346534655378e-01 5.476472724052722230e-01
9.727722772277229701e-01 6.186549092132846983e-01
9.764851485148515753e-01 6.624011828265403690e-01
9.789603960396040527e-01 6.930064131677493577e-01
9.814356435643565302e-01 7.254318111203573727e-01
9.839108910891090076e-01 7.594950566366283073e-01
9.863861386138614851e-01 7.949563450529447683e-01
9.888613861386139625e-01 8.315244200130225138e-01
9.913366336633664400e-01 8.688636231287342193e-01
9.938118811881189174e-01 9.066029914275076651e-01
