1.862745098039215730e-01 -3.727790986752632096e-01
1.666666666666666297e-01 -3.693186767141669602e-01
2.058823529411764053e-01 -3.656180524068062820e-01
1.470588235294116863e-01 -3.550591232060926195e-01
2.254901960784313486e-01 -3.494660351874668280e-01
1.274509803921568540e-01 -3.287141610631219568e-01
2.450980392156862919e-01 -3.277460608793268393e-01
2.647058823529411242e-01 -3.038419452888745376e-01
1.078431372549020217e-01 -2.925417833798394374e-01
2.843137254901960675e-01 -2.801038971289270818e-01
3.039215686274510109e-01 -2.575958526670731885e-01
8.823529411764707842e-02 -2.486973741758516376e-01
3.235294117647058432e-01 -2.365107141102536226e-01
3.431372549019607865e-01 -2.165890605928091073e-01
6.862745098039213509e-02 -2.011170802038714789e-01
3.627450980392157298e-01 -1.974210693524906246e-01
3.823529411764705621e-01 -1.786320645382848682e-01
4.019607843137255054e-01 -1.599572227605188801e-01
4.901960784313730279e-02 -1.515045839757984403e-01
4.215686274509804488e-01 -1.412396030009277215e-01
4.411764705882352811e-01 -1.224054418162929120e-01
4.607843137254902244e-01 -1.034305174622206502e-01
2.941176470588235947e-02 -9.790852273595583577e-02
4.803921568627451677e-01 -8.431367435666545229e-02
5.000000000000000000e-01 -6.506122014571801004e-02
5.196078431372548323e-01 -4.568760270387176026e-02
9.803921568627417885e-03 -3.646907815889897236e-02
5.392156862745097756e-01 -2.621133490320488174e-02
5.588235294117647189e-01 -6.397779330390833755e-03
5.784313725490195512e-01 1.354162368949691705e-02
5.980392156862744946e-01 3.354769409381710976e-02
6.176470588235294379e-01 5.398230536390659362e-02
6.372549019607842702e-01 7.475613198551199490e-02
6.568627450980392135e-01 9.592008712348047694e-02
6.764705882352941568e-01 1.175531857468690711e-01
6.960784313725489891e-01 1.397402760509849073e-01
7.156862745098039325e-01 1.625621053865562438e-01
7.352941176470588758e-01 1.860774708221771545e-01
7.549019607843137081e-01 2.102925004027435263e-01
7.745098039215685404e-01 2.351198009679065226e-01
7.941176470588233727e-01 2.603225507892934498e-01
8.137254901960784270e-01 2.854672051428659429e-01
8.333333333333334814e-01 3.098185534880805725e-01
8.529411764705883137e-01 3.325310375534226148e-01
8.725490196078431460e-01 3.522568931586201879e-01
8.921568627450979783e-01 3.698264389903401228e-01
9.117647058823528106e-01 3.855996888269901945e-01
9.313725490196078649e-01 4.077488025772528779e-01
9.509803921568629193e-01 4.593757225556287516e-01
9.705882352941177516e-01 5.875193763347345000e-01
9.901960784313725839e-01 8.415977995793838540e-01
