-9.308072487644150073e-01 6.032786885245902120e-01
-8.978583196046128201e-01 6.557377049180327377e-01
-8.451400329489291430e-01 6.819672131147540561e-01
-7.990115321252058145e-01 7.147540983606557319e-01
-6.935749588138384603e-01 6.918032786885245367e-01
-5.617792421746290454e-01 6.524590163934426146e-01
-3.179571663920922608e-01 6.360655737704917767e-01
-8.072487644151571384e-02 8.786885245901638886e-01
1.565074135090613883e-01 1.091803278688524559e+00
4.003294892915982839e-01 1.121311475409836111e+00
6.177924217462933409e-01 1.118032786885245988e+00
7.232289950576611393e-01 1.081967213114754189e+00
7.759472817133445943e-01 1.042622950819672045e+00
9.341021416803956257e-01 9.475409836065573632e-01
