-9.308072487644150073e-01 -9.308072487644150073e-01
-8.978583196046128201e-01 -8.978583196046128201e-01
-8.451400329489291430e-01 -8.451400329489291430e-01
-7.990115321252058145e-01 -7.990115321252058145e-01
-6.935749588138384603e-01 -6.935749588138384603e-01
-5.617792421746290454e-01 -5.617792421746290454e-01
-3.179571663920922608e-01 -3.179571663920922608e-01
-8.072487644151571384e-02 -8.072487644151571384e-02
1.565074135090613883e-01 1.565074135090613883e-01
4.003294892915982839e-01 4.003294892915982839e-01
6.177924217462933409e-01 6.177924217462933409e-01
7.232289950576611393e-01 7.232289950576611393e-01
7.759472817133445943e-01 7.759472817133445943e-01
9.341021416803956257e-01 9.341021416803956257e-01
