1.732673267326731992e-01 -3.821598096831367863e-01
1.831683168316831090e-01 -3.811291761290745428e-01
1.633663366336632894e-01 -3.799867413719296150e-01
1.930693069306930187e-01 -3.771241887355985534e-01
1.534653465346533796e-01 -3.744263455502417348e-01
2.029702970297029285e-01 -3.704864109266284844e-01
1.435643564356434698e-01 -3.652613260066552292e-01
2.128712871287128383e-01 -3.617074681640199962e-01
1.336633663366335600e-01 -3.525698547731540566e-01
2.227722772277227481e-01 -3.513224207841526003e-01
2.326732673267326579e-01 -3.398419778764806831e-01
1.237623762376237613e-01 -3.366224088156766769e-01
2.425742574257425677e-01 -3.277209966370102645e-01
1.138613861386139625e-01 -3.178326964172211722e-01
2.524752475247524774e-01 -3.153368002021163519e-01
2.623762376237623872e-01 -3.029770784900596148e-01
1.039603960396040527e-01 -2.967174877117044751e-01
2.722772277227722970e-01 -2.908386592365712064e-01
2.821782178217822068e-01 -2.790385015337081276e-01
9.405940594059414295e-02 -2.738418634663973283e-01
2.920792079207921166e-01 -2.676303637936008895e-01
3.019801980198020264e-01 -2.566205509957647513e-01
8.415841584158423316e-02 -2.497469312311477452e-01
3.118811881188119361e-01 -2.459826523849833468e-01
3.217821782178218459e-01 -2.356702656500516135e-01
3.316831683168317557e-01 -2.256272918922280490e-01
7.425742574257432338e-02 -2.248644422953701705e-01
3.415841584158416655e-01 -2.157956741107378562e-01
3.514851485148515753e-01 -2.061206891458957635e-01
6.435643564356441360e-02 -1.994305383891203098e-01
3.613861386138614851e-01 -1.965541462388688543e-01
3.712871287128713949e-01 -1.870559326274650047e-01
3.811881188118811936e-01 -1.775943082229720915e-01
5.445544554455450381e-02 -1.734250846248064915e-01
3.910891089108909924e-01 -1.681453462369810470e-01
4.009900990099009022e-01 -1.586917970881195905e-01
4.108910891089108119e-01 -1.492220819864274739e-01
4.455445544554459403e-02 -1.465506077698534304e-01
4.405940594059405413e-01 -1.206577775749185649e-01
3.465346534653468424e-02 -1.183048051711462212e-01
4.504950495049504511e-01 -1.110774545002409519e-01
4.603960396039603609e-01 -1.014672505658904267e-01
4.702970297029702706e-01 -9.182752168459612507e-02
2.475247524752477446e-02 -8.809816800628700317e-02
4.801980198019801804e-01 -8.215850035614974400e-02
4.900990099009900902e-01 -7.246009738326673888e-02
5.000000000000000000e-01 -6.273181646250026999e-02
1.485148514851486468e-02 -5.534078265146968878e-02
5.099009900990099098e-01 -5.297275242716125571e-02
5.198019801980198196e-01 -4.318164706384248347e-02
5.297029702970297294e-01 -3.335680230171730182e-02
5.396039603960396391e-01 -2.349299855835085965e-02
4.950495049504954892e-03 -1.958362905639169163e-02
5.495049504950495489e-01 -1.358310807455089669e-02
5.594059405940594587e-01 -3.625628959401019230e-03
5.693069306930693685e-01 6.378614668615607657e-03
5.792079207920792783e-01 1.643184297614479553e-02
5.891089108910891881e-01 2.654245859116444520e-02
5.990099009900990978e-01 3.671893726748257786e-02
6.089108910891090076e-01 4.696940973166641164e-02
6.188118811881189174e-01 5.729619238078664800e-02
6.287128712871287162e-01 6.770635242262844355e-02
6.386138613861385149e-01 7.820785631876760180e-02
6.485148514851484247e-01 8.880931269073616408e-02
6.584158415841583345e-01 9.952003568158275526e-02
6.683168316831682443e-01 1.103499823520792816e-01
6.782178217821781541e-01 1.213096619745967497e-01
6.881188118811880639e-01 1.324099401253518438e-01
6.980198019801979736e-01 1.436617087165587003e-01
7.079207920792078834e-01 1.550754016252051393e-01
7.178217821782177932e-01 1.666603300302065549e-01
7.277227722772277030e-01 1.784238165745473947e-01
7.376237623762376128e-01 1.903701155376651133e-01
7.475247524752475226e-01 2.024991187201367338e-01
7.574257425742574323e-01 2.148048633513827688e-01
7.673267326732673421e-01 2.272738788802144694e-01
7.772277227722772519e-01 2.398834296156406309e-01
7.871287128712871617e-01 2.525997254142545723e-01
7.970297029702970715e-01 2.653761809498875190e-01
8.069306930693069813e-01 2.781515461338058826e-01
8.168316831683168910e-01 2.908465666094068869e-01
8.267326732673268008e-01 3.033694946826426819e-01
8.366336633663367106e-01 3.156136731274725160e-01
8.465346534653466204e-01 3.274602628465628218e-01
8.564356435643565302e-01 3.387814689691043268e-01
8.663366336633664400e-01 3.494459012913763707e-01
8.762376237623763497e-01 3.593321393206572734e-01
8.861386138613862595e-01 3.683592852027213760e-01
8.960396039603961693e-01 3.765539855406218606e-01
9.059405940594060791e-01 3.841767663288372936e-01
9.158415841584159889e-01 3.919591865146940246e-01
9.257425742574258987e-01 4.014086032481495869e-01
9.356435643564358084e-01 4.154560377276511618e-01
9.455445544554457182e-01 4.389741422392270942e-01
9.554455445544556280e-01 4.789985368780325659e-01
9.653465346534655378e-01 5.439858138059420201e-01
9.752475247524754476e-01 6.411821882405860373e-01
9.851485148514853574e-01 7.716605380448012808e-01
9.950495049504951561e-01 9.245449883845651140e-01
