1.716417910447760597e-01 -3.870567039078482985e-01
1.766169154228856009e-01 -3.867649557741340560e-01
1.666666666666666297e-01 -3.864870241602080259e-01
1.815920398009950310e-01 -3.856379531387072457e-01
1.616915422885571996e-01 -3.850305087431462603e-01
1.865671641791044610e-01 -3.837416110339413322e-01
1.567164179104477695e-01 -3.826511851822165244e-01
1.915422885572138911e-01 -3.811265729915874201e-01
1.517412935323383394e-01 -3.793299485094669410e-01
1.965174129353233212e-01 -3.778529463146489409e-01
1.467661691542287983e-01 -3.750627205786840057e-01
2.014925373134328623e-01 -3.739865247787746982e-01
1.417910447761193682e-01 -3.698586492249245627e-01
2.064676616915422924e-01 -3.695960057422557066e-01
2.114427860696517225e-01 -3.647509159379858090e-01
1.368159203980099381e-01 -3.637392096159211552e-01
2.164179104477611526e-01 -3.595199767647606071e-01
1.318407960199005080e-01 -3.567373388263781475e-01
2.213930348258705827e-01 -3.539697535073762502e-01
1.268656716417910779e-01 -3.488965610016215302e-01
2.263681592039801238e-01 -3.481635483340468351e-01
2.313432835820895539e-01 -3.421605010884329334e-01
1.218905472636815368e-01 -3.402699160582999260e-01
2.363184079601989840e-01 -3.360148777850089918e-01
1.169154228855721067e-01 -3.309186168004507045e-01
2.412935323383084141e-01 -3.297755903481538464e-01
2.462686567164178442e-01 -3.234858877408821054e-01
1.119402985074626766e-01 -3.209104082225783805e-01
2.512437810945273853e-01 -3.171832156900198374e-01
2.562189054726368154e-01 -3.108992114960251185e-01
1.069651741293532465e-01 -3.103176236281894873e-01
2.611940298507462455e-01 -3.046598672459885360e-01
1.019900497512438164e-01 -2.992149439896769625e-01
2.661691542288556755e-01 -2.984858175927061485e-01
2.711442786069651056e-01 -2.923927978623779844e-01
9.701492537313427533e-02 -2.876768691351119789e-01
2.761194029850746468e-01 -2.863921060785342698e-01
2.810945273631840768e-01 -2.804910986781800064e-01
9.203980099502484524e-02 -2.757749382147784423e-01
2.860696517412935069e-01 -2.746936995398795434e-01
2.910447761194029370e-01 -2.690009058910983186e-01
8.706467661691541515e-02 -2.635747617374283869e-01
2.960199004975123671e-01 -2.634112778097170704e-01
3.009950248756219082e-01 -2.579214021600382822e-01
3.059701492537313383e-01 -2.525263225538913470e-01
8.208955223880598506e-02 -2.511329675075013590e-01
3.109452736318407684e-01 -2.472199299724456567e-01
3.159203980099501985e-01 -2.419953115707135505e-01
7.711442786069655497e-02 -2.384942295008151969e-01
3.208955223880596286e-01 -2.368450554515803275e-01
3.258706467661691697e-01 -2.317615111905663161e-01
3.308457711442785998e-01 -2.267370080779703423e-01
7.213930348258701386e-02 -2.256885843505626044e-01
3.358208955223880299e-01 -2.217640330627693446e-01
3.407960199004975710e-01 -2.168353710718483596e-01
6.716417910447758377e-02 -2.127292937942310280e-01
3.457711442786070011e-01 -2.119442099636904553e-01
3.507462686567164312e-01 -2.070842169473052496e-01
3.557213930348258613e-01 -2.022495880528065171e-01
6.218905472636815368e-02 -1.996115218271219127e-01
3.606965174129352913e-01 -1.974350748319019799e-01
3.656716417910448325e-01 -1.926359921320427437e-01
3.706467661691542625e-01 -1.878482104391108187e-01
5.721393034825872359e-02 -1.863120260172482223e-01
3.756218905472636926e-01 -1.830681359424222165e-01
3.805970149253731227e-01 -1.782926811965162561e-01
3.855721393034825528e-01 -1.735192287488830365e-01
5.223880597014929350e-02 -1.727901297966486505e-01
3.905472636815920939e-01 -1.687455883192785222e-01
3.955223880597015240e-01 -1.639699701954790145e-01
4.004975124378109541e-01 -1.591909208843929335e-01
4.726368159203975239e-02 -1.589898442956932112e-01
4.054726368159203842e-01 -1.544072901046174562e-01
4.104477611940298143e-01 -1.496181904170578170e-01
4.228855721393032230e-02 -1.448433643655692715e-01
4.154228855721393554e-01 -1.448229579339771478e-01
4.203980099502487855e-01 -1.400211155707606347e-01
4.253731343283582156e-01 -1.352123391372615224e-01
4.303482587064676457e-01 -1.303964265110269805e-01
3.731343283582089221e-02 -1.302734297722264178e-01
4.353233830845770758e-01 -1.255732700103486532e-01
4.402985074626866169e-01 -1.207428319810741058e-01
4.452736318407960470e-01 -1.159051235245741329e-01
3.233830845771146212e-02 -1.152020035872990678e-01
4.502487562189054771e-01 -1.110601862293402742e-01
4.552238805970149071e-01 -1.062080767222648991e-01
4.601990049751243372e-01 -1.013488538170049247e-01
2.736318407960203203e-02 -9.954987164860462645e-02
4.651741293532338783e-01 -9.648256801679265526e-02
4.701492537313433084e-01 -9.160925309302501984e-02
4.751243781094527385e-01 -8.672891955946396281e-02
2.238805970149249092e-02 -8.324298428304539865e-02
4.800995024875621686e-01 -8.184154980494655340e-02
4.850746268656715987e-01 -7.694709463791740700e-02
4.900497512437811398e-01 -7.204547102432760919e-02
4.950248756218905699e-01 -6.713656082542583670e-02
1.741293532338306083e-02 -6.621448487564236818e-02
5.000000000000000000e-01 -6.222021036292153806e-02
5.049751243781094301e-01 -5.729623065928039077e-02
5.099502487562188602e-01 -5.236439822102542663e-02
1.243781094527363074e-02 -4.840486067601786069e-02
5.149253731343284013e-01 -4.742445624817284017e-02
5.199004975124378314e-01 -4.247611618004419609e-02
5.248756218905472615e-01 -3.751905958578419242e-02
5.298507462686566916e-01 -3.255293906067470433e-02
7.462686567164200646e-03 -2.976026513374695204e-02
5.348258706467661217e-01 -2.757735939747597495e-02
5.398009950248756628e-01 -2.259146356419502316e-02
2.487562189054765786e-03 -1.023238651478273510e-02
5.547263681592039530e-01 -7.569136587297814293e-03
5.597014925373133831e-01 -2.538549872171712209e-03
5.646766169154229242e-01 2.504407328119416347e-03
5.696517412935323543e-01 7.560260884807164239e-03
5.746268656716417844e-01 1.262961741841207679e-02
5.796019900497512145e-01 1.771315382752704573e-02
5.845771144278606446e-01 2.281157648217409586e-02
5.895522388059701857e-01 2.792559936233365500e-02
5.945273631840796158e-01 3.305594931899986239e-02
5.995024875621890459e-01 3.820363002820746645e-02
6.044776119402984760e-01 4.336922767496347031e-02
6.094527363184079061e-01 4.855346844320698046e-02
6.144278606965174472e-01 5.375720502373564080e-02
6.194029850746268773e-01 5.898133525220840973e-02
6.243781094527363074e-01 6.422679737933088828e-02
6.293532338308457375e-01 6.949457174976114704e-02
6.343283582089551675e-01 7.478568301865561041e-02
6.393034825870647087e-01 8.010120192592423694e-02
6.442786069651741387e-01 8.544224649706765040e-02
6.492537313432835688e-01 9.080998256257814816e-02
6.542288557213929989e-01 9.620562346078931348e-02
6.592039800995024290e-01 1.016304287575223869e-01
6.641791044776119701e-01 1.070857017878980300e-01
6.691542288557214002e-01 1.125727858070070669e-01
6.741293532338308303e-01 1.180930585301654401e-01
6.791044776119402604e-01 1.236479248394251190e-01
6.840796019900496905e-01 1.292388074235363560e-01
6.890547263681592316e-01 1.348671351109613226e-01
6.940298507462686617e-01 1.405343286529254776e-01
6.990049751243780918e-01 1.462417837180556845e-01
7.039800995024875219e-01 1.519908508727810803e-01
7.089552238805969520e-01 1.577828123420897122e-01
7.139303482587064931e-01 1.636188553737103202e-01
7.189054726368159232e-01 1.695000420659213691e-01
7.238805970149253532e-01 1.754272755655484073e-01
7.288557213930348944e-01 1.814012625987772853e-01
7.338308457711444355e-01 1.874224723633707568e-01
7.388059701492537545e-01 1.934910918865659912e-01
7.437810945273630736e-01 1.996069780378183500e-01
7.487562189054726147e-01 2.057696064786646850e-01
7.537313432835821558e-01 2.119780179318336566e-01
7.587064676616916969e-01 2.182307622562663085e-01
7.636815920398010160e-01 2.245258409213909401e-01
7.686567164179103351e-01 2.308606485798263830e-01
7.736318407960198762e-01 2.372319145404055696e-01
7.786069651741294173e-01 2.436356450388605099e-01
7.835820895522389584e-01 2.500670672818352536e-01
7.885572139303482775e-01 2.565205762826354707e-01
7.935323383084575966e-01 2.629896850652200246e-01
7.985074626865671377e-01 2.694669793390589985e-01
8.034825870646766788e-01 2.759440640302843195e-01
8.084577114427862199e-01 2.824113642496697829e-01
8.134328358208955390e-01 2.888584976412960637e-01
8.184079601990048580e-01 2.952740975647522026e-01
8.233830845771143991e-01 3.016458066582637376e-01
8.283582089552239403e-01 3.079602888911970315e-01
8.333333333333334814e-01 3.142032249323470916e-01
8.383084577114428004e-01 3.203594755914014880e-01
8.432835820895521195e-01 3.264131067120956131e-01
8.482587064676616606e-01 3.323474557161801290e-01
8.532338308457712017e-01 3.381453116181747931e-01
8.582089552238807428e-01 3.437891315782568569e-01
8.631840796019900619e-01 3.492613620069638380e-01
8.681592039800993810e-01 3.545449226735787884e-01
8.731343283582089221e-01 3.596239462545257060e-01
8.781094527363184632e-01 3.644849114900371445e-01
8.830845771144280043e-01 3.691183671061109006e-01
8.880597014925373234e-01 3.735215148949552200e-01
8.930348258706466424e-01 3.777020033855824077e-01
8.980099502487561836e-01 3.816833322484872726e-01
9.029850746268657247e-01 3.855123197990492079e-01
9.079601990049752658e-01 3.892693379870458825e-01
9.129353233830845848e-01 3.930779380244197041e-01
9.179104477611939039e-01 3.971238751005463086e-01
9.228855721393034450e-01 4.016743268560032942e-01
9.278606965174129861e-01 4.071000445176180538e-01
9.328358208955225273e-01 4.138941479191990402e-01
9.378109452736318463e-01 4.226886076853637042e-01
9.427860696517411654e-01 4.342638647885798120e-01
9.477611940298507065e-01 4.495434423331759466e-01
9.527363184079602476e-01 4.695658743146572389e-01
9.577114427860697887e-01 4.954281397067452630e-01
9.626865671641791078e-01 5.281930342737588546e-01
9.676616915422884269e-01 5.687579026374798286e-01
9.726368159203979680e-01 6.176882872540171432e-01
9.776119402985075091e-01 6.750305791847583947e-01
9.825870646766170502e-01 7.401299343894475191e-01
9.875621890547263693e-01 8.115015933022701189e-01
9.925373134328356883e-01 8.868098196662391741e-01
9.975124378109452294e-01 9.630452798014244031e-01
