1.862745098039215730e-01 -3.620060092374643990e-01
2.058823529411764053e-01 -3.575084030039390459e-01
1.666666666666666297e-01 -3.567049482918246417e-01
2.254901960784313486e-01 -3.435677521848699012e-01
1.470588235294116863e-01 -3.405067496817245631e-01
2.450980392156862919e-01 -3.232606309042342918e-01
1.274509803921568540e-01 -3.127992433435916597e-01
2.647058823529411242e-01 -3.000289809148832254e-01
2.843137254901960675e-01 -2.764650430435408590e-01
1.078431372549020217e-01 -2.756390637745443351e-01
3.039215686274510109e-01 -2.539238537077613822e-01
3.235294117647058432e-01 -2.327956739584611245e-01
8.823529411764707842e-02 -2.324035129791740539e-01
3.431372549019607865e-01 -2.129261415197111207e-01
3.627450980392157298e-01 -1.939390576162622892e-01
6.862745098039213509e-02 -1.864347271462350464e-01
3.823529411764705621e-01 -1.754478274386796210e-01
4.019607843137255054e-01 -1.571560518923310890e-01
4.901960784313730279e-02 -1.393386843005850195e-01
4.215686274509804488e-01 -1.388764994615464821e-01
4.411764705882352811e-01 -1.205095179565386504e-01
4.607843137254902244e-01 -1.020137512440506683e-01
2.941176470588235947e-02 -8.940285664446802338e-02
4.803921568627451677e-01 -8.337921210662233018e-02
9.803921568627421354e-03 -3.313211890791459280e-02
5.392156862745097756e-01 -2.671908281404400745e-02
5.588235294117647189e-01 -7.410855329886392555e-03
5.784313725490195512e-01 1.203174038963092211e-02
5.980392156862744946e-01 3.156990642937424624e-02
6.176470588235294379e-01 5.149312063855290833e-02
6.372549019607842702e-01 7.175531891423785058e-02
6.568627450980392135e-01 9.240409412517465448e-02
6.764705882352941568e-01 1.135171358951601872e-01
6.960784313725489891e-01 1.351768065470586311e-01
7.156862745098039325e-01 1.574583704891635572e-01
7.352941176470588758e-01 1.804106773316327406e-01
7.549019607843137081e-01 2.040256187660293152e-01
7.745098039215685404e-01 2.281984335060230074e-01
7.941176470588233727e-01 2.526786333048769428e-01
8.137254901960784270e-01 2.770095855584098765e-01
8.333333333333334814e-01 3.005090776575549127e-01
8.529411764705883137e-01 3.223733093341925593e-01
8.725490196078431460e-01 3.417667763334684139e-01
8.921568627450979783e-01 3.582194964039959739e-01
9.117647058823528106e-01 3.733202673028704344e-01
9.313725490196078649e-01 3.944300126527255368e-01
9.509803921568629193e-01 4.442805704954800317e-01
9.705882352941177516e-01 5.712485147709385203e-01
9.901960784313725839e-01 8.309260200300832011e-01
