5.100000000000000000e+01 1.724903790802315498e-02
5.100000000000000000e+01 1.722281715299974272e-02
5.100000000000000000e+01 1.784757345363431960e-02
1.010000000000000000e+02 8.356272533958175944e-03
1.010000000000000000e+02 5.910523494174450485e-03
1.010000000000000000e+02 4.407915021634528467e-03
2.010000000000000000e+02 1.018278159720274051e-01
2.010000000000000000e+02 9.806926051612596673e-04
2.010000000000000000e+02 5.508465202610918210e-03
2.010000000000000000e+02 3.729260014518687768e-03
