1.732673267326731992e-01 -3.801156049746385879e-01
1.831683168316831090e-01 -3.790419685046919618e-01
1.633663366336632894e-01 -3.779890537641263371e-01
1.930693069306930187e-01 -3.749960598759320973e-01
1.534653465346533796e-01 -3.724904834327942282e-01
2.029702970297029285e-01 -3.683166589802068236e-01
1.435643564356434698e-01 -3.634061876419077408e-01
2.128712871287128383e-01 -3.594918831859933439e-01
1.336633663366335600e-01 -3.508159420354137192e-01
2.227722772277227481e-01 -3.490540435346876635e-01
2.326732673267326579e-01 -3.375131600679075472e-01
1.237623762376237613e-01 -3.349908723152819623e-01
2.425742574257425677e-01 -3.253251714415779094e-01
1.138613861386139625e-01 -3.163438157152329011e-01
2.524752475247524774e-01 -3.128699349017032283e-01
2.623762376237623872e-01 -3.004387014216846619e-01
1.039603960396040527e-01 -2.953886361564426744e-01
2.722772277227722970e-01 -2.882323172006627798e-01
2.821782178217822068e-01 -2.763716369235246773e-01
9.405940594059414295e-02 -2.726854028781039441e-01
2.920792079207921166e-01 -2.649138425931283347e-01
3.019801980198020264e-01 -2.538679757384518787e-01
8.415841584158423316e-02 -2.487684125343072872e-01
3.118811881188119361e-01 -2.432095385177736047e-01
3.217821782178218459e-01 -2.328931836406419875e-01
7.425742574257432338e-02 -2.240614447118698116e-01
3.316831683168317557e-01 -2.228632039494013450e-01
3.415841584158416655e-01 -2.130609380428247490e-01
3.514851485148515753e-01 -2.034317133840296277e-01
6.435643564356441360e-02 -1.987926700006275860e-01
3.613861386138614851e-01 -1.939256235038717135e-01
3.712871287128713949e-01 -1.845011374534921700e-01
3.811881188118811936e-01 -1.751249565421377774e-01
5.445544554455450381e-02 -1.729353584863637106e-01
3.910891089108909924e-01 -1.657715777739143803e-01
4.009900990099009022e-01 -1.564223540294520098e-01
4.108910891089108119e-01 -1.470643869546118254e-01
4.455445544554459403e-02 -1.461888384367514004e-01
4.207920792079207217e-01 -1.376892743285491882e-01
4.306930693069306315e-01 -1.282919272843057179e-01
4.405940594059405413e-01 -1.188696193593269390e-01
3.465346534653468424e-02 -1.180499805360948201e-01
4.504950495049504511e-01 -1.094211231219000130e-01
4.603960396039603609e-01 -9.994603019426459567e-02
4.702970297029702706e-01 -9.044424347367979733e-02
2.475247524752477446e-02 -8.793115240098990648e-02
4.801980198019801804e-01 -8.091562475039697222e-02
4.900990099009900902e-01 -7.135977775761971620e-02
5.000000000000000000e-01 -6.177594398208839654e-02
1.485148514851486468e-02 -5.524765212299557332e-02
5.099009900990099098e-01 -5.216298410146587294e-02
5.198019801980198196e-01 -4.251941837557934173e-02
5.297029702970297294e-01 -3.284332617041948316e-02
5.396039603960396391e-01 -2.312923431921504527e-02
4.950495049504954892e-03 -1.955464609574335613e-02
5.495049504950495489e-01 -1.337018245508150849e-02
5.594059405940594587e-01 -3.564366003330449867e-03
5.693069306930693685e-01 6.287831672690256599e-03
5.792079207920792783e-01 1.618888161536933060e-02
5.891089108910891881e-01 2.614723824196329635e-02
5.990099009900990978e-01 3.617143699454065248e-02
6.089108910891090076e-01 4.627016772089566354e-02
6.188118811881189174e-01 5.644619598649888714e-02
6.287128712871287162e-01 6.670677942060677934e-02
6.584158415841583345e-01 9.808383410621761278e-02
6.683168316831682443e-01 1.087740049509009349e-01
6.782178217821781541e-01 1.195976005244561158e-01
6.881188118811880639e-01 1.305659557724481168e-01
6.980198019801979736e-01 1.416903924314170116e-01
7.079207920792078834e-01 1.529817197027828479e-01
7.178217821782177932e-01 1.644495524186885549e-01
7.277227722772277030e-01 1.761014189169113342e-01
7.376237623762376128e-01 1.879416772921155554e-01
7.475247524752475226e-01 1.999702062824240123e-01
7.574257425742574323e-01 2.121809229704781086e-01
7.673267326732673421e-01 2.245601399158536904e-01
7.772277227722772519e-01 2.370848379855573229e-01
7.871287128712871617e-01 2.497209114468184332e-01
7.970297029702970715e-01 2.624214990222004107e-01
8.069306930693069813e-01 2.751252923936120531e-01
8.168316831683168910e-01 2.877529820766163149e-01
8.267326732673268008e-01 3.002128865921816492e-01
8.366336633663367106e-01 3.123988400014421352e-01
8.465346534653466204e-01 3.241927808359513219e-01
8.564356435643565302e-01 3.354681563797323740e-01
8.663366336633664400e-01 3.460953868930929933e-01
8.762376237623763497e-01 3.559557114033627401e-01
8.861386138613862595e-01 3.649724613005211338e-01
8.960396039603961693e-01 3.731785558023484883e-01
9.059405940594060791e-01 3.808436021930476367e-01
9.158415841584159889e-01 3.887116917861639931e-01
9.257425742574258987e-01 3.983018083600605164e-01
9.356435643564358084e-01 4.125670514650761067e-01
9.455445544554457182e-01 4.363818292383337405e-01
9.554455445544556280e-01 4.767753260235242374e-01
9.653465346534655378e-01 5.421789099381677524e-01
9.752475247524754476e-01 6.398110882393638343e-01
9.851485148514853574e-01 7.707472961372001663e-01
9.950495049504951561e-01 9.241766874405595855e-01
