-1.920776890342082086e-02 4.950495049504954892e-03
-5.427938285563729814e-02 1.485148514851486468e-02
-8.641080148093335800e-02 2.475247524752477446e-02
-1.160393727748260245e-01 3.465346534653468424e-02
-1.437344555651837441e-01 4.455445544554459403e-02
-1.700702612298574945e-01 5.445544554455450381e-02
-1.955421422641783757e-01 6.435643564356441360e-02
-2.204513315316143640e-01 7.425742574257432338e-02
-2.448356865412224248e-01 8.415841584158423316e-02
-2.684836158300134001e-01 9.405940594059414295e-02
-2.909886644091618790e-01 1.039603960396040527e-01
-3.118302481469124032e-01 1.138613861386139625e-01
-3.304558351323753085e-01 1.237623762376237613e-01
-3.463517688957593599e-01 1.336633663366335600e-01
-3.590975300451683672e-01 1.435643564356434698e-01
-3.684054615953579193e-01 1.534653465346533796e-01
-3.741709864446807754e-01 1.633663366336632894e-01
-3.765785161565173289e-01 1.732673267326731992e-01
-3.758244988365217476e-01 1.831683168316831090e-01
-3.720762079442691550e-01 1.930693069306930187e-01
-3.656864528932225467e-01 2.029702970297029285e-01
-3.571145943612770157e-01 2.128712871287128383e-01
-3.468847965690557977e-01 2.227722772277227481e-01
-3.355074307707670567e-01 2.326732673267326579e-01
-3.234435268758770188e-01 2.425742574257425677e-01
-3.110812489233485412e-01 2.524752475247524774e-01
-2.987223068703621087e-01 2.623762376237623872e-01
-2.865780682048127415e-01 2.722772277227722970e-01
-2.747784012841246737e-01 2.821782178217822068e-01
-2.633874243747463262e-01 2.920792079207921166e-01
-2.524187975255063887e-01 3.019801980198020264e-01
-2.418504072712782949e-01 3.118811881188119361e-01
-2.316372777628477042e-01 3.217821782178218459e-01
-2.217223778248325339e-01 3.316831683168317557e-01
-2.120449777912210010e-01 3.415841584158416655e-01
-2.025463083110720652e-01 3.514851485148515753e-01
-1.931737316084057021e-01 3.613861386138614851e-01
-1.838822762397521182e-01 3.712871287128713949e-01
-1.746355684329432834e-01 3.811881188118811936e-01
-1.654055936046765485e-01 3.910891089108909924e-01
-1.561716328328996151e-01 4.009900990099009022e-01
-1.469192864623001527e-01 4.108910891089108119e-01
-1.376389880405826938e-01 4.207920792079207217e-01
-1.283250409543083836e-01 4.306930693069306315e-01
-1.189745136091268363e-01 4.405940594059405413e-01
-1.095863334811807144e-01 4.504950495049504511e-01
-1.001605147537321661e-01 4.603960396039603609e-01
-9.069760888552799716e-02 4.702970297029702706e-01
-8.119828393184699844e-02 4.801980198019801804e-01
-7.166308293467490986e-02 4.900990099009900902e-01
-6.209225680218986160e-02 5.000000000000000000e-01
-5.248574254396590894e-02 5.099009900990099098e-01
-4.284316172718554555e-02 5.198019801980198196e-01
-3.316367689367041849e-02 5.297029702970297294e-01
-2.344266460947980885e-02 5.396039603960396391e-01
-1.367476285069866952e-02 5.495049504950495489e-01
-3.859100939256447649e-03 5.594059405940594587e-01
6.003351758147758635e-03 5.693069306930693685e-01
1.591387970354471090e-02 5.792079207920792783e-01
2.587950026883032231e-02 5.891089108910891881e-01
3.590698616810205496e-02 5.990099009900990978e-01
4.600666036908446915e-02 6.089108910891090076e-01
5.617817901896286076e-02 6.188118811881189174e-01
6.642824990258425211e-02 6.287128712871287162e-01
7.676436102514633264e-02 6.386138613861385149e-01
8.719458941198410251e-02 6.485148514851484247e-01
9.772796017884192998e-02 6.584158415841583345e-01
1.083741154355561259e-01 6.683168316831682443e-01
1.191432180226368737e-01 6.782178217821781541e-01
1.300459080147389757e-01 6.881188118811880639e-01
1.410929441243151672e-01 6.980198019801979736e-01
1.522946536704603004e-01 7.079207920792078834e-01
1.636602166571879402e-01 7.178217821782177932e-01
1.751967664678165948e-01 7.277227722772277030e-01
1.869082546290958824e-01 7.376237623762376128e-01
1.987941552103192899e-01 7.475247524752475226e-01
2.108479426794806766e-01 7.574257425742574323e-01
2.230554687927551460e-01 7.673267326732673421e-01
2.353932466696982972e-01 7.772277227722772519e-01
2.478267582674492375e-01 7.871287128712871617e-01
2.603088740196254913e-01 7.970297029702970715e-01
2.727774891522635747e-01 8.069306930693069813e-01
2.851542540897931688e-01 8.168316831683168910e-01
2.973487673230402195e-01 8.267326732673268008e-01
3.092567241212397233e-01 8.366336633663367106e-01
3.207631529132972670e-01 8.465346534653466204e-01
3.317455339575253737e-01 8.564356435643565302e-01
3.420800044003660112e-01 8.663366336633664400e-01
3.516556042819942163e-01 8.762376237623763497e-01
3.604068539133874483e-01 8.861386138613862595e-01
3.683820180887066864e-01 8.960396039603961693e-01
3.758720149491009410e-01 9.059405940594060791e-01
3.836462203110321822e-01 9.158415841584159889e-01
3.932545346736344705e-01 9.257425742574258987e-01
4.076927216304238044e-01 9.356435643564358084e-01
4.318531284847464957e-01 9.455445544554457182e-01
4.727687673823318670e-01 9.554455445544556280e-01
5.388411982095012709e-01 9.653465346534655378e-01
6.372467662255227872e-01 9.752475247524754476e-01
7.690529105229272355e-01 9.851485148514853574e-01
9.235217780023339262e-01 9.950495049504951561e-01
