-9.966887237006019640e-03 2.487562189054765786e-03
-2.898976578939032461e-02 7.462686567164200646e-03
-4.715516725826645467e-02 1.243781094527363074e-02
-6.451144284806364926e-02 1.741293532338306083e-02
-8.111165792841093514e-02 2.238805970149249092e-02
-9.701387786639491251e-02 2.736318407960203203e-02
-1.122828149859889657e-01 3.233830845771146212e-02
-1.269897673929566706e-01 3.731343283582089221e-02
-1.412104930563609639e-01 4.228855721393032230e-02
-1.550208526253759600e-01 4.726368159203975239e-02
-1.684953305584152572e-01 5.223880597014929350e-02
-1.816994716082321881e-01 5.721393034825872359e-02
-1.946886281135479513e-01 6.218905472636815368e-02
-2.075036658932921940e-01 6.716417910447758377e-02
-2.201690719314008671e-01 7.213930348258701386e-02
-2.326918433582560730e-01 7.711442786069655497e-02
-2.450616179474841838e-01 8.208955223880598506e-02
-2.572517462271071143e-01 8.706467661691541515e-02
-2.692211619715950688e-01 9.203980099502484524e-02
-2.809168027077546537e-01 9.701492537313427533e-02
-2.922763546143914981e-01 1.019900497512438164e-01
-3.032311222913388615e-01 1.069651741293532465e-01
-3.137088577512586185e-01 1.119402985074626766e-01
-3.236364398861743541e-01 1.169154228855721067e-01
-3.329423401601860344e-01 1.218905472636815368e-01
-3.415588410629764593e-01 1.268656716417910779e-01
-3.494239857070059463e-01 1.318407960199005080e-01
-3.564832572728296456e-01 1.368159203980099381e-01
-3.626909877682814587e-01 1.417910447761193682e-01
-3.680115210524261826e-01 1.467661691542287983e-01
-3.724201905904871990e-01 1.517412935323383394e-01
-3.759042334065365587e-01 1.567164179104477695e-01
-3.784635413927097125e-01 1.616915422885571996e-01
-3.801120008336084100e-01 1.666666666666666297e-01
-3.808799217149378413e-01 1.716417910447760597e-01
-3.807838075669129352e-01 1.766169154228856009e-01
-3.798553213848335774e-01 1.815920398009950310e-01
-3.781547287891542930e-01 1.865671641791044610e-01
-3.757286069945059981e-01 1.915422885572138911e-01
-3.726336835335244957e-01 1.965174129353233212e-01
-3.689329112014952949e-01 2.014925373134328623e-01
-3.646929543229612825e-01 2.064676616915422924e-01
-3.599819942158314356e-01 2.114427860696517225e-01
-3.548681985347875156e-01 2.164179104477611526e-01
-3.494180601406189357e-01 2.213930348258705827e-01
-3.436953941872194496e-01 2.263681592039801238e-01
-3.377603346572445875e-01 2.313432835820895539e-01
-3.316686014926617521e-01 2.363184079601989840e-01
-3.254707327302597819e-01 2.412935323383084141e-01
-3.192122508850265827e-01 2.462686567164178442e-01
-3.129326380214237924e-01 2.512437810945273853e-01
-3.066657265607836691e-01 2.562189054726368154e-01
-3.004397109552919831e-01 2.611940298507462455e-01
-2.942773333245302658e-01 2.661691542288556755e-01
-2.881963229487626843e-01 2.711442786069651056e-01
-2.822097867038009245e-01 2.761194029850746468e-01
-2.763266874422236064e-01 2.810945273631840768e-01
-2.705523135370492271e-01 2.860696517412935069e-01
-2.648887743868711953e-01 2.910447761194029370e-01
-2.593355166485252772e-01 2.960199004975123671e-01
-2.538897550652178259e-01 3.009950248756219082e-01
-2.485469315990925243e-01 3.059701492537313383e-01
-2.433011247641408969e-01 3.109452736318407684e-01
-2.381453981684126531e-01 3.159203980099501985e-01
-2.330721435922738782e-01 3.208955223880596286e-01
-2.280733601870624516e-01 3.258706467661691697e-01
-2.231409052849161467e-01 3.308457711442785998e-01
-2.182666927139815805e-01 3.358208955223880299e-01
-2.134428498180895029e-01 3.407960199004975710e-01
-2.086618471585809931e-01 3.457711442786070011e-01
-2.039165960782207132e-01 3.507462686567164312e-01
-1.992005184515476535e-01 3.557213930348258613e-01
-1.945075904327833172e-01 3.606965174129352913e-01
-1.898323630762306924e-01 3.656716417910448325e-01
-1.851699686719647242e-01 3.706467661691542625e-01
-1.805161085472043458e-01 3.756218905472636926e-01
-1.758670336530603340e-01 3.805970149253731227e-01
-1.712195132464289782e-01 3.855721393034825528e-01
-1.665708028685113917e-01 3.905472636815920939e-01
-1.619186082835780693e-01 3.955223880597015240e-01
-1.572610249604829147e-01 4.004975124378109541e-01
-1.525965088781328916e-01 4.054726368159203842e-01
-1.479238338849994117e-01 4.104477611940298143e-01
-1.432420515671909700e-01 4.154228855721393554e-01
-1.385504517167035210e-01 4.203980099502487855e-01
-1.338485257142635609e-01 4.253731343283582156e-01
-1.291359318113679822e-01 4.303482587064676457e-01
-1.244124644386267325e-01 4.353233830845770758e-01
-1.196780266041657520e-01 4.402985074626866169e-01
-1.149326050514676012e-01 4.452736318407960470e-01
-1.101762486694879140e-01 4.502487562189054771e-01
-1.054090505652680310e-01 4.552238805970149071e-01
-1.006311301933955210e-01 4.601990049751243372e-01
-9.584262304144336442e-02 4.651741293532338783e-01
-9.104366629772439601e-02 4.701492537313433084e-01
-8.623439148153892730e-02 4.751243781094527385e-01
-8.141491892770064132e-02 4.800995024875621686e-01
-7.658534879640048476e-02 4.850746268656715987e-01
-7.174575983024537862e-02 4.900497512437811398e-01
-6.689620499709217349e-02 4.950248756218905699e-01
-6.203671015742038414e-02 5.000000000000000000e-01
-5.716727319534051915e-02 5.049751243781094301e-01
-5.228786311940177706e-02 5.099502487562188602e-01
-4.739842059940884561e-02 5.149253731343284013e-01
-4.249885809065431092e-02 5.199004975124378314e-01
-3.758905975253180876e-02 5.248756218905472615e-01
-3.266887958416921783e-02 5.298507462686566916e-01
-2.773805287193143940e-02 5.348258706467661217e-01
-2.279612281427178394e-02 5.398009950248756628e-01
-1.784304418939488060e-02 5.447761194029850929e-01
-1.287856217045044854e-02 5.497512437810945229e-01
-7.902403786283809448e-03 5.547263681592039530e-01
-2.914297309850090185e-03 5.597014925373133831e-01
2.086040388252038535e-03 5.646766169154229242e-01
7.098937925604121603e-03 5.696517412935323543e-01
1.212481093599460970e-02 5.746268656716417844e-01
1.716414599872743280e-02 5.796019900497512145e-01
2.221746548010761560e-02 5.845771144278606446e-01
2.728531952457356399e-02 5.895522388059701857e-01
3.236825766778370084e-02 5.945273631840796158e-01
3.746703666510209363e-02 5.995024875621890459e-01
4.258221467582333497e-02 6.044776119402984760e-01
4.771423324926490905e-02 6.094527363184079061e-01
5.286376719905563903e-02 6.144278606965174472e-01
5.803155465186455447e-02 6.194029850746268773e-01
6.321837973007793376e-02 6.243781094527363074e-01
6.842507884469190005e-02 6.293532338308457375e-01
7.365254344136852593e-02 6.343283582089551675e-01
7.890172026976123576e-02 6.393034825870647087e-01
8.417361333942444124e-02 6.442786069651741387e-01
8.946928493306913199e-02 6.492537313432835688e-01
9.478985585743035513e-02 6.542288557213929989e-01
1.001365042320873089e-01 6.592039800995024290e-01
1.055104628048538634e-01 6.641791044776119701e-01
1.109130150415059551e-01 6.691542288557214002e-01
1.163454891132533892e-01 6.741293532338308303e-01
1.218092494362759542e-01 6.791044776119402604e-01
1.273056875497751705e-01 6.840796019900496905e-01
1.328362083684486161e-01 6.890547263681592316e-01
1.384022146050644941e-01 6.940298507462686617e-01
1.440050884063944214e-01 6.990049751243780918e-01
1.496461701424336710e-01 7.039800995024875219e-01
1.553267325660401821e-01 7.089552238805969520e-01
1.610479528703065155e-01 7.139303482587064931e-01
1.668108805224333968e-01 7.189054726368159232e-01
1.726164027413174262e-01 7.238805970149253532e-01
1.784652056123147423e-01 7.288557213930348944e-01
1.843577343600323049e-01 7.338308457711444355e-01
1.902941473183689391e-01 7.388059701492537545e-01
1.962742690123734923e-01 7.437810945273630736e-01
2.022975369491747388e-01 7.487562189054726147e-01
2.083629483764908308e-01 7.537313432835821558e-01
2.144689972342253004e-01 7.587064676616916969e-01
2.206136149206412989e-01 7.636815920398010160e-01
2.267941142087562534e-01 7.686567164179103351e-01
2.330071482983905318e-01 7.736318407960198762e-01
2.392486910240140263e-01 7.786069651741294173e-01
2.455138280220631464e-01 7.835820895522389584e-01
2.517969033471012530e-01 7.885572139303482775e-01
2.580913865981483979e-01 7.935323383084575966e-01
2.643898148834422646e-01 7.985074626865671377e-01
2.706836485563091643e-01 8.034825870646766788e-01
2.769636766772514691e-01 8.084577114427862199e-01
2.832193035012157689e-01 8.134328358208955390e-01
2.894394434693000062e-01 8.184079601990048580e-01
2.956119061070114351e-01 8.233830845771143991e-01
3.017236140008937029e-01 8.283582089552239403e-01
3.077606407091100227e-01 8.333333333333334814e-01
3.137083187641306337e-01 8.383084577114428004e-01
3.195512671133052263e-01 8.432835820895521195e-01
3.252735191655393709e-01 8.482587064676616606e-01
3.308586975201683322e-01 8.532338308457712017e-01
3.362902509374706694e-01 8.582089552238807428e-01
3.415518019985347986e-01 8.631840796019900619e-01
3.466276707061541895e-01 8.681592039800993810e-01
3.515036778877033141e-01 8.731343283582089221e-01
3.561683087893440791e-01 8.781094527363184632e-01
3.606146205507574365e-01 8.830845771144280043e-01
3.648426181197475526e-01 8.880597014925373234e-01
3.688637241884304419e-01 8.930348258706466424e-01
3.727057839362408198e-01 8.980099502487561836e-01
3.764208380532817477e-01 9.029850746268657247e-01
3.800951398426193895e-01 9.079601990049752658e-01
3.838581783618366661e-01 9.129353233830845848e-01
3.879056539343236909e-01 9.179104477611939039e-01
3.925086002113140626e-01 9.228855721393034450e-01
3.980525589210327508e-01 9.278606965174129861e-01
4.050325883068475186e-01 9.328358208955225273e-01
4.140874645732511850e-01 9.378109452736318463e-01
4.260004390227157822e-01 9.427860696517411654e-01
4.416940356685513658e-01 9.477611940298507065e-01
4.622019252585530813e-01 9.527363184079602476e-01
4.886129827951892768e-01 9.577114427860697887e-01
5.219799353736583880e-01 9.626865671641791078e-01
5.631903639237613168e-01 9.676616915422884269e-01
6.128035388664893057e-01 9.726368159203979680e-01
6.708664962232679940e-01 9.776119402985075091e-01
7.367347329166895609e-01 9.825870646766170502e-01
8.089434016801997362e-01 9.875621890547263693e-01
8.851826553216527449e-01 9.925373134328356883e-01
9.624645533580026280e-01 9.975124378109452294e-01
