3.059701492537313383e-01 -3.160004170992034012e-01
3.009950248756219082e-01 -3.157879122790674953e-01
3.109452736318407684e-01 -3.155283052593028104e-01
2.960199004975123671e-01 -3.148703925100002077e-01
3.159203980099501985e-01 -3.143985949346214670e-01
2.910447761194029370e-01 -3.132372246764241752e-01
3.208955223880596286e-01 -3.126345159500654725e-01
2.860696517412935069e-01 -3.108848048967199351e-01
3.258706467661691697e-01 -3.103006051946803900e-01
2.810945273631840768e-01 -3.078240302840437037e-01
3.308457711442785998e-01 -3.074296509868161831e-01
3.358208955223880299e-01 -3.040728516654699343e-01
2.761194029850746468e-01 -3.040662120064537288e-01
3.407960199004975710e-01 -3.002826061186356643e-01
2.711442786069651056e-01 -2.996328061503144013e-01
3.457711442786070011e-01 -2.961131883927923814e-01
2.661691542288556755e-01 -2.945535444377340717e-01
3.507462686567164312e-01 -2.916192129007726397e-01
2.611940298507462455e-01 -2.888664501090518200e-01
3.557213930348258613e-01 -2.868545285776125664e-01
2.562189054726368154e-01 -2.826144488200063587e-01
3.606965174129352913e-01 -2.818710483938999811e-01
3.656716417910448325e-01 -2.767176606654840332e-01
2.512437810945273853e-01 -2.758593069372456963e-01
3.706467661691542625e-01 -2.714392029883193613e-01
2.462686567164178442e-01 -2.686381501404161432e-01
3.756218905472636926e-01 -2.660758144130243585e-01
2.412935323383084141e-01 -2.610115074382566291e-01
3.805970149253731227e-01 -2.606628045891817291e-01
3.855721393034825528e-01 -2.552303006295869592e-01
2.363184079601989840e-01 -2.530754474573676527e-01
3.905472636815920939e-01 -2.498031540611907464e-01
2.313432835820895539e-01 -2.448223781484353823e-01
3.955223880597015240e-01 -2.444010756737850232e-01
4.004975124378109541e-01 -2.390380237142316344e-01
2.263681592039801238e-01 -2.363469236208942670e-01
4.054726368159203842e-01 -2.337230779630659616e-01
4.104477611940298143e-01 -2.284608736510710669e-01
2.213930348258705827e-01 -2.276918922567693904e-01
4.154228855721393554e-01 -2.232520415162922434e-01
2.164179104477611526e-01 -2.189201392665078572e-01
4.203980099502487855e-01 -2.180938349334264892e-01
4.253731343283582156e-01 -2.129806756117204880e-01
2.114427860696517225e-01 -2.100885776736544086e-01
4.303482587064676457e-01 -2.079046089668845354e-01
4.353233830845770758e-01 -2.028558719526290521e-01
2.064676616915422924e-01 -2.012566921596715686e-01
4.402985074626866169e-01 -1.978233471826447154e-01
4.452736318407960470e-01 -1.927950249029825869e-01
2.014925373134328623e-01 -1.924617836383074321e-01
4.502487562189054771e-01 -1.877588307061386630e-01
1.965174129353233212e-01 -1.837486066330900059e-01
4.552238805970149071e-01 -1.827026338681144724e-01
4.601990049751243372e-01 -1.776143879718204976e-01
1.915422885572138911e-01 -1.751578600814323594e-01
4.651741293532338783e-01 -1.724826084089914335e-01
4.701492537313433084e-01 -1.672965729931820411e-01
1.865671641791044610e-01 -1.667253479864464760e-01
4.751243781094527385e-01 -1.620465240424001918e-01
1.815920398009950310e-01 -1.584823402433772344e-01
4.800995024875621686e-01 -1.567237665552611292e-01
4.850746268656715987e-01 -1.513207930626303543e-01
1.766169154228856009e-01 -1.504566997635043979e-01
4.900497512437811398e-01 -1.458312711302814091e-01
1.716417910447760597e-01 -1.426736658894283971e-01
4.950248756218905699e-01 -1.402501144094958074e-01
1.666666666666666297e-01 -1.351516823677110790e-01
5.000000000000000000e-01 -1.345734341869397610e-01
5.049751243781094301e-01 -1.287985273186124935e-01
1.616915422885571996e-01 -1.279057370661294268e-01
5.099502487562188602e-01 -1.229238246613406638e-01
1.567164179104477695e-01 -1.209443575121820769e-01
5.149253731343284013e-01 -1.169488256040763369e-01
1.517412935323383394e-01 -1.142742495266248909e-01
5.199004975124378314e-01 -1.108737582476522904e-01
1.467661691542287983e-01 -1.078994409671986676e-01
5.248756218905472615e-01 -1.046999547787352269e-01
1.417910447761193682e-01 -1.018209918118811591e-01
5.298507462686566916e-01 -9.842958866571434318e-02
1.368159203980099381e-01 -9.603700519853519690e-02
5.348258706467661217e-01 -9.206550668638213697e-02
1.318407960199005080e-01 -9.054272224994111551e-02
5.398009950248756628e-01 -8.561117231240190917e-02
1.268656716417910779e-01 -8.533056995119411847e-02
1.218905472636815368e-01 -8.039072881719946939e-02
5.447761194029850929e-01 -7.907059849137793028e-02
1.169154228855721067e-01 -7.571151135312892411e-02
5.497512437810945229e-01 -7.244826863871930978e-02
1.119402985074626766e-01 -7.127966980417344001e-02
1.069651741293532465e-01 -6.708061382808118422e-02
5.547263681592039530e-01 -6.574906925076137720e-02
1.019900497512438164e-01 -6.309864181070176659e-02
9.701492537313427533e-02 -5.931713924581037689e-02
5.597014925373133831e-01 -5.897825327896755870e-02
9.203980099502484524e-02 -5.571880010721634580e-02
8.706467661691541515e-02 -5.228576692252240310e-02
5.646766169154229242e-01 -5.214138274536663648e-02
8.208955223880598506e-02 -4.899983070490927101e-02
7.711442786069655497e-02 -4.584258481565978843e-02
5.696517412935323543e-01 -4.524430375673421656e-02
7.213930348258701386e-02 -4.279554131746077239e-02
6.716417910447758377e-02 -3.984025353697388805e-02
5.746268656716417844e-01 -3.829315463347338772e-02
6.218905472636815368e-02 -3.695839489441238995e-02
5.721393034825872359e-02 -3.413180447561543762e-02
5.223880597014929350e-02 -3.134262602392610952e-02
5.796019900497512145e-01 -3.129435306898074171e-02
4.726368159203975239e-02 -2.857330644011107576e-02
4.228855721393032230e-02 -2.580645558317688770e-02
5.845771144278606446e-01 -2.425456878007818673e-02
3.731343283582089221e-02 -2.302506052802240008e-02
3.233830845771146212e-02 -2.021228874631374531e-02
2.736318407960203203e-02 -1.735150670281005933e-02
2.238805970149249092e-02 -1.442619482880653017e-02
1.741293532338306083e-02 -1.141985386684456032e-02
1.243781094527363074e-02 -8.315948945012498900e-03
7.462686567164200646e-03 -5.097663171867370703e-03
5.995024875621890459e-01 -2.924277422318507721e-03
2.487562189054765786e-03 -1.748271353824742535e-03
6.044776119402984760e-01 4.246179783559039800e-03
6.094527363184079061e-01 1.143247830977326372e-02
6.144278606965174472e-01 1.862845275163916084e-02
6.194029850746268773e-01 2.582937894387346903e-02
6.243781094527363074e-01 3.303115213024666874e-02
6.293532338308457375e-01 4.022984995168508993e-02
6.343283582089551675e-01 4.742185117921806498e-02
6.393034825870647087e-01 5.460378444759265981e-02
6.442786069651741387e-01 6.177241074064047932e-02
6.492537313432835688e-01 6.892458067712413372e-02
6.542288557213929989e-01 7.605716281404702184e-02
6.592039800995024290e-01 8.316695974579486894e-02
6.641791044776119701e-01 9.025064889494925635e-02
6.691542288557214002e-01 9.730464941968092196e-02
6.741293532338308303e-01 1.043250755829731174e-01
6.791044776119402604e-01 1.113075822854319302e-01
6.840796019900496905e-01 1.182473010049518852e-01
6.890547263681592316e-01 1.251387147239257924e-01
6.940298507462686617e-01 1.319755210373746157e-01
6.990049751243780918e-01 1.387511228684037146e-01
7.039800995024875219e-01 1.454570873063137648e-01
7.089552238805969520e-01 1.520845806415894452e-01
7.139303482587064931e-01 1.586236536132940023e-01
7.189054726368159232e-01 1.650632739112859459e-01
7.238805970149253532e-01 1.713913083663415049e-01
7.288557213930348944e-01 1.775944790287208586e-01
7.338308457711444355e-01 1.836584700023441430e-01
7.388059701492537545e-01 1.895680661087896512e-01
7.437810945273630736e-01 1.953074891840753669e-01
7.487562189054726147e-01 2.008606997285845019e-01
7.537313432835821558e-01 2.062119354176132902e-01
7.587064676616916969e-01 2.113456344893816230e-01
7.636815920398010160e-01 2.162462367195344959e-01
7.686567164179103351e-01 2.208982869392933091e-01
7.736318407960198762e-01 2.252878335580733582e-01
7.786069651741294173e-01 2.294056353533563408e-01
7.835820895522389584e-01 2.332366664871210193e-01
7.885572139303482775e-01 2.367730531875430477e-01
7.935323383084575966e-01 2.400091581294360177e-01
7.985074626865671377e-01 2.429390050640917453e-01
8.034825870646766788e-01 2.455589246613116006e-01
8.084577114427862199e-01 2.478791521883931259e-01
8.134328358208955390e-01 2.498842036404418099e-01
9.029850746268657247e-01 2.503561093249839775e-01
8.980099502487561836e-01 2.503714352105008145e-01
8.930348258706466424e-01 2.507687740081545047e-01
9.079601990049752658e-01 2.509141200740594435e-01
8.880597014925373234e-01 2.514033848678397520e-01
8.184079601990048580e-01 2.515914919109121239e-01
8.830845771144280043e-01 2.521670206139904891e-01
9.129353233830845848e-01 2.522963413328670468e-01
8.781094527363184632e-01 2.529716960982130169e-01
8.233830845771143991e-01 2.530022739810764421e-01
8.731343283582089221e-01 2.537636201984175277e-01
8.283582089552239403e-01 2.541254483175657830e-01
8.681592039800993810e-01 2.544831927351866585e-01
9.179104477611939039e-01 2.548287297682328978e-01
8.333333333333334814e-01 2.549717702278910259e-01
8.631840796019900619e-01 2.550974038709212799e-01
8.383084577114428004e-01 2.555540468757534489e-01
8.582089552238807428e-01 2.555704134577049813e-01
8.532338308457712017e-01 2.558750217713399167e-01
8.432835820895521195e-01 2.558870798046847250e-01
8.482587064676616606e-01 2.559877384197211114e-01
9.228855721393034450e-01 2.588964760640740104e-01
9.278606965174129861e-01 2.650023489289594081e-01
9.328358208955225273e-01 2.737737192335646386e-01
9.378109452736318463e-01 2.859315875052108047e-01
9.427860696517411654e-01 3.023109516072343128e-01
9.477611940298507065e-01 3.238271783669688375e-01
9.527363184079602476e-01 3.514482935044029310e-01
9.577114427860697887e-01 3.861427587454211441e-01
9.626865671641791078e-01 4.288021290073372738e-01
9.676616915422884269e-01 4.801383408342029813e-01
9.726368159203979680e-01 5.405605590672238892e-01
9.776119402985075091e-01 6.100357508092285608e-01
9.825870646766170502e-01 6.879440527320717091e-01
9.875621890547263693e-01 7.729453590818147202e-01
9.925373134328356883e-01 8.628921663839471679e-01
9.975124378109452294e-01 9.548349367328500259e-01
