1.716417910447760597e-01 -3.834686351332366461e-01
1.766169154228856009e-01 -3.832102685813986720e-01
1.666666666666666297e-01 -3.828675496965824876e-01
1.815920398009950310e-01 -3.821178208509702912e-01
1.616915422885571996e-01 -3.813840618952585304e-01
1.865671641791044610e-01 -3.802559852655006956e-01
1.567164179104477695e-01 -3.789840515668008725e-01
1.915422885572138911e-01 -3.776738336127213325e-01
1.517412935323383394e-01 -3.756505028864438045e-01
1.965174129353233212e-01 -3.744300174986610052e-01
1.467661691542287983e-01 -3.713809383055386992e-01
2.014925373134328623e-01 -3.705890986926173580e-01
2.064676616915422924e-01 -3.662188368043315378e-01
1.417910447761193682e-01 -3.661858749296073023e-01
2.114427860696517225e-01 -3.613881118996676856e-01
1.368159203980099381e-01 -3.600879385940490840e-01
2.164179104477611526e-01 -3.561653587683651923e-01
1.318407960199005080e-01 -3.531209740242680084e-01
2.213930348258705827e-01 -3.506170675874741849e-01
1.268656716417910779e-01 -3.453291326626907742e-01
2.263681592039801238e-01 -3.448067151311196010e-01
2.313432835820895539e-01 -3.387938282665512446e-01
1.218905472636815368e-01 -3.367657720292790424e-01
2.363184079601989840e-01 -3.326333311310129548e-01
1.169154228855721067e-01 -3.274920942944229418e-01
2.412935323383084141e-01 -3.263747829931274991e-01
2.462686567164178442e-01 -3.200626096511596241e-01
1.119402985074626766e-01 -3.175754953243073997e-01
2.512437810945273853e-01 -3.137351347288140913e-01
2.562189054726368154e-01 -3.074250240710620918e-01
1.069651741293532465e-01 -3.070876220772555953e-01
2.611940298507462455e-01 -3.011593527025815398e-01
1.019900497512438164e-01 -2.961021407950277240e-01
2.661691542288556755e-01 -2.949597543193431259e-01
2.711442786069651056e-01 -2.888429577451336883e-01
9.701492537313427533e-02 -2.846922359705764682e-01
2.761194029850746468e-01 -2.828211792071869124e-01
2.810945273631840768e-01 -2.769026158516366687e-01
9.203980099502484524e-02 -2.729278722474846597e-01
2.860696517412935069e-01 -2.710919323077601861e-01
2.910447761194029370e-01 -2.653907210195209365e-01
8.706467661691541515e-02 -2.608728810933050313e-01
2.960199004975123671e-01 -2.597980529639439262e-01
3.009950248756219082e-01 -2.543109016118742516e-01
3.059701492537313383e-01 -2.489245586582807812e-01
8.208955223880598506e-02 -2.485819822006520852e-01
3.109452736318407684e-01 -2.436330810729714358e-01
3.159203980099501985e-01 -2.384296147241672104e-01
7.711442786069655497e-02 -2.360979085068561911e-01
3.208955223880596286e-01 -2.333067117613302488e-01
3.258706467661691697e-01 -2.282565971328726906e-01
7.213930348258701386e-02 -2.234488384344515410e-01
3.308457711442785998e-01 -2.232714000249575170e-01
3.358208955223880299e-01 -2.183433506113897082e-01
3.407960199004975710e-01 -2.134649287415192054e-01
6.716417910447758377e-02 -2.106463774173848169e-01
3.457711442786070011e-01 -2.086289788958297642e-01
3.507462686567164312e-01 -2.038287957912516546e-01
3.557213930348258613e-01 -1.990581833579526394e-01
6.218905472636815368e-02 -1.976843494850768213e-01
3.606965174129352913e-01 -1.943114906649020535e-01
3.656716417910448325e-01 -1.895836278259643293e-01
3.706467661691542625e-01 -1.848700651172503762e-01
5.721393034825872359e-02 -1.845385733521964777e-01
3.756218905472636926e-01 -1.801668182872684931e-01
3.805970149253731227e-01 -1.754704249328522536e-01
5.223880597014929350e-02 -1.711679130957841355e-01
3.855721393034825528e-01 -1.707779119617314767e-01
3.905472636815920939e-01 -1.660867578119162025e-01
3.955223880597015240e-01 -1.613948537527154226e-01
4.726368159203975239e-02 -1.575162972491747637e-01
4.004975124378109541e-01 -1.567004691502023317e-01
4.054726368159203842e-01 -1.520021943469312686e-01
4.104477611940298143e-01 -1.472989078266875029e-01
4.228855721393032230e-02 -1.435166842383614472e-01
4.154228855721393554e-01 -1.425897373462094997e-01
4.203980099502487855e-01 -1.378740225058655011e-01
4.253731343283582156e-01 -1.331512800351876691e-01
3.731343283582089221e-02 -1.290928092253308124e-01
4.303482587064676457e-01 -1.284211715669547338e-01
4.353233830845770758e-01 -1.236834748235328824e-01
4.402985074626866169e-01 -1.189380577501944897e-01
4.452736318407960470e-01 -1.141848558118996187e-01
3.233830845771146212e-02 -1.141673836217322185e-01
4.502487562189054771e-01 -1.094238516616328205e-01
4.552238805970149071e-01 -1.046550595632291941e-01
4.601990049751243372e-01 -9.987850875817548546e-02
2.736318407960203203e-02 -9.866274368969736586e-02
4.651741293532338783e-01 -9.509423377577146119e-02
4.701492537313433084e-01 -9.030226277382663591e-02
4.751243781094527385e-01 -8.550261073213681617e-02
2.238805970149249092e-02 -8.250613473031490064e-02
4.800995024875621686e-01 -8.069527386178876327e-02
4.850746268656715987e-01 -7.588022357929999351e-02
4.900497512437811398e-01 -7.105740454800743566e-02
4.950248756218905699e-01 -6.622673161732473002e-02
1.741293532338306083e-02 -6.563185155713065211e-02
5.000000000000000000e-01 -6.138808908012592658e-02
5.049751243781094301e-01 -5.654132996461055244e-02
5.099502487562188602e-01 -5.168627600800611982e-02
1.243781094527363074e-02 -4.798127483253716852e-02
5.149253731343284013e-01 -4.682271815482982880e-02
5.199004975124378314e-01 -4.195041770023344441e-02
5.248756218905472615e-01 -3.706910697980035641e-02
5.298507462686566916e-01 -3.217848627866834454e-02
7.462686567164200646e-03 -2.950130519377453311e-02
5.348258706467661217e-01 -2.727818192503631695e-02
5.398009950248756628e-01 -2.236750031077782558e-02
5.447761194029850929e-01 -1.744627357930001940e-02
5.497512437810945229e-01 -1.251409278357341545e-02
2.487562189054765786e-03 -1.014396182374428107e-02
5.547263681592039530e-01 -7.570529682989715452e-03
5.597014925373133831e-01 -2.615159064667066120e-03
5.646766169154229242e-01 2.352455275817690993e-03
5.696517412935323543e-01 7.332794196077136416e-03
5.746268656716417844e-01 1.232642082399768718e-02
5.796019900497512145e-01 1.733396725689876142e-02
5.845771144278606446e-01 2.235610001136098882e-02
5.995024875621890459e-01 3.751717006730120874e-02
6.044776119402984760e-01 4.260499588146358235e-02
6.094527363184079061e-01 4.771101753039641569e-02
6.144278606965174472e-01 5.283606289071190315e-02
6.194029850746268773e-01 5.798101386605786917e-02
6.243781094527363074e-01 6.314679811517434627e-02
6.293532338308457375e-01 6.833439041961497651e-02
6.343283582089551675e-01 7.354481446234850672e-02
6.393034825870647087e-01 7.877914475645314551e-02
6.442786069651741387e-01 8.403850805838689042e-02
6.492537313432835688e-01 8.932408387544903128e-02
6.542288557213929989e-01 9.463710428135274633e-02
6.592039800995024290e-01 9.997885213137792937e-02
6.641791044776119701e-01 1.053506582793367896e-01
6.691542288557214002e-01 1.107538972785039877e-01
6.741293532338308303e-01 1.161899813880762078e-01
6.791044776119402604e-01 1.216603525737669778e-01
6.840796019900496905e-01 1.271664727506225112e-01
6.890547263681592316e-01 1.327098111254764179e-01
6.940298507462686617e-01 1.382918290775289050e-01
6.990049751243780918e-01 1.439139623249162392e-01
7.039800995024875219e-01 1.495776001353142370e-01
7.089552238805969520e-01 1.552840607570188658e-01
7.139303482587064931e-01 1.610345639931878015e-01
7.189054726368159232e-01 1.668301997816811488e-01
7.238805970149253532e-01 1.726718934826325380e-01
7.288557213930348944e-01 1.785603668677239464e-01
7.338308457711444355e-01 1.844960970885446971e-01
7.388059701492537545e-01 1.904792710321756288e-01
7.437810945273630736e-01 1.965097382539831572e-01
7.487562189054726147e-01 2.025869600899334044e-01
7.537313432835821558e-01 2.087099592867867059e-01
7.587064676616916969e-01 2.148772629300857162e-01
7.636815920398010160e-01 2.210868403044337627e-01
7.686567164179103351e-01 2.273360406228120134e-01
7.736318407960198762e-01 2.336215431653777264e-01
7.786069651741294173e-01 2.399393479861162415e-01
7.835820895522389584e-01 2.462846119721217586e-01
7.885572139303482775e-01 2.526517241970958616e-01
7.935323383084575966e-01 2.590341311105608946e-01
7.985074626865671377e-01 2.654243827686269541e-01
8.034825870646766788e-01 2.718140416856043018e-01
8.084577114427862199e-01 2.781937609182362769e-01
8.134328358208955390e-01 2.845529358489632954e-01
8.184079601990048580e-01 2.908803983939107218e-01
8.233830845771143991e-01 2.971638580088624693e-01
8.283582089552239403e-01 3.033901274455989006e-01
8.333333333333334814e-01 3.095450729328051431e-01
8.383084577114428004e-01 3.156137888388709789e-01
8.432835820895521195e-01 3.215806201889593319e-01
8.482587064676616606e-01 3.274292443136636588e-01
8.532338308457712017e-01 3.331428560207956857e-01
8.582089552238807428e-01 3.387043945522307253e-01
8.631840796019900619e-01 3.440968788920203969e-01
8.681592039800993810e-01 3.493039136086712459e-01
8.731343283582089221e-01 3.543104683704177416e-01
8.781094527363184632e-01 3.591040175416564950e-01
8.830845771144280043e-01 3.636763863588727830e-01
8.880597014925373234e-01 3.680262086399573862e-01
8.930348258706466424e-01 3.721631075199695604e-01
8.980099502487561836e-01 3.761128649519330236e-01
9.029850746268657247e-01 3.799250608359901471e-01
9.079601990049752658e-01 3.836831557103635437e-01
9.129353233830845848e-01 3.875138638678587433e-01
9.179104477611939039e-01 3.916083120306636522e-01
9.228855721393034450e-01 3.962355589883150842e-01
9.278606965174129861e-01 4.017743254154161336e-01
9.328358208955225273e-01 4.087181708292615401e-01
9.378109452736318463e-01 4.177023251168142659e-01
9.427860696517411654e-01 4.295079622831689536e-01
9.477611940298507065e-01 4.450570960565233825e-01
9.527363184079602476e-01 4.653845104083203510e-01
9.577114427860697887e-01 4.915816077530655859e-01
9.626865671641791078e-01 5.247046366772762926e-01
9.676616915422884269e-01 5.656448703987880799e-01
9.726368159203979680e-01 6.149642349352014703e-01
9.776119402985075091e-01 6.727101081547904871e-01
9.825870646766170502e-01 7.382349959429883590e-01
9.875621890547263693e-01 8.100679858484799434e-01
9.925373134328356883e-01 8.858917611507590717e-01
9.975124378109452294e-01 9.627138930019807361e-01
