1.862745098039215730e-01 -3.633558544638958998e-01
2.058823529411764053e-01 -3.588500295013161701e-01
1.666666666666666297e-01 -3.580466964254986340e-01
2.254901960784313486e-01 -3.449053418215194400e-01
1.470588235294116863e-01 -3.418076946838812247e-01
2.450980392156862919e-01 -3.246199036224931000e-01
1.274509803921568540e-01 -3.140062252653936237e-01
2.647058823529411242e-01 -3.014355484989371115e-01
2.843137254901960675e-01 -2.779295586928122175e-01
1.078431372549020217e-01 -2.766892139031050801e-01
3.039215686274510109e-01 -2.554356043833138634e-01
3.235294117647058432e-01 -2.343274114519105500e-01
8.823529411764707842e-02 -2.332456243672252905e-01
3.431372549019607865e-01 -2.144419068688727392e-01
3.627450980392157298e-01 -1.954018366330351475e-01
6.862745098039213509e-02 -1.870478089905469599e-01
3.823529411764705621e-01 -1.768250198812656160e-01
4.019607843137255054e-01 -1.584222597589161896e-01
4.215686274509804488e-01 -1.400126348186543634e-01
4.901960784313730279e-02 -1.397403004557851991e-01
4.411764705882352811e-01 -1.215026096498610653e-01
4.607843137254902244e-01 -1.028552544339304403e-01
2.941176470588235947e-02 -8.963003621974895141e-02
4.803921568627451677e-01 -8.406372930062550042e-02
9.803921568627421354e-03 -3.320665261961926878e-02
5.392156862745097756e-01 -2.691769565152309779e-02
5.588235294117647189e-01 -7.440906347151129627e-03
5.784313725490195512e-01 1.216908837180705714e-02
5.980392156862744946e-01 3.186978003270785065e-02
6.176470588235294379e-01 5.195964434700058726e-02
6.372549019607842702e-01 7.238630947955580763e-02
6.568627450980392135e-01 9.319589959537868951e-02
6.764705882352941568e-01 1.144644598296065685e-01
6.960784313725489891e-01 1.362729043794820571e-01
7.156862745098039325e-01 1.586953973836921772e-01
7.352941176470588758e-01 1.817804324539576133e-01
7.549019607843137081e-01 2.055204338535886188e-01
7.745098039215685404e-01 2.298115205163072661e-01
7.941176470588233727e-01 2.544046147244076739e-01
8.137254901960784270e-01 2.788429261341442977e-01
8.333333333333334814e-01 3.024429130827444023e-01
8.529411764705883137e-01 3.243953958574849472e-01
8.725490196078431460e-01 3.438568118304422550e-01
8.921568627450979783e-01 3.603372120462342565e-01
9.117647058823528106e-01 3.753875146369455851e-01
9.313725490196078649e-01 3.963290372509202242e-01
9.509803921568629193e-01 4.458189894565030009e-01
9.705882352941177516e-01 5.722670289636834218e-01
9.901960784313725839e-01 8.313549859213194004e-01
