1.862745098039215730e-01 -3.634366077400145723e-01
2.058823529411764053e-01 -3.589380114895650564e-01
1.666666666666666297e-01 -3.581210749504191715e-01
2.254901960784313486e-01 -3.450006985309103102e-01
1.470588235294116863e-01 -3.418727878798807907e-01
2.450980392156862919e-01 -3.247226133120473257e-01
1.274509803921568540e-01 -3.140597711079223808e-01
2.647058823529411242e-01 -3.015459732739694809e-01
2.843137254901960675e-01 -2.780474065809401818e-01
1.078431372549020217e-01 -2.767296357327214684e-01
3.039215686274510109e-01 -2.555595888907141733e-01
3.235294117647058432e-01 -2.344553090132783235e-01
8.823529411764707842e-02 -2.332723790337550285e-01
3.431372549019607865e-01 -2.145708843413010047e-01
3.627450980392157298e-01 -1.955288613830683531e-01
6.862745098039213509e-02 -1.870619437789889650e-01
3.823529411764705621e-01 -1.769472067043029173e-01
4.019607843137255054e-01 -1.585371005588408488e-01
4.215686274509804488e-01 -1.401180018169089492e-01
4.901960784313730279e-02 -1.397449240653509117e-01
2.941176470588235947e-02 -8.962961820252483836e-02
4.803921568627451677e-01 -8.413171260720826716e-02
5.000000000000000000e-01 -6.518637056694177867e-02
5.196078431372548323e-01 -4.611505741036724809e-02
9.803921568627421354e-03 -3.320535969218098293e-02
5.392156862745097756e-01 -2.694120280243060203e-02
5.588235294117647189e-01 -7.448659902444330037e-03
5.784313725490195512e-01 1.217708269628396331e-02
5.980392156862744946e-01 3.189317274154681442e-02
6.176470588235294379e-01 5.199849238632837239e-02
6.372549019607842702e-01 7.244020305352183442e-02
6.568627450980392135e-01 9.326417620479833526e-02
6.764705882352941568e-01 1.145462047061476252e-01
6.960784313725489891e-01 1.363669777797636151e-01
7.156862745098039325e-01 1.588004741174295353e-01
7.352941176470588758e-01 1.818950743887149391e-01
7.549019607843137081e-01 2.056431752951009551e-01
7.745098039215685404e-01 2.299408949220510812e-01
7.941176470588233727e-01 2.545392174533884777e-01
8.137254901960784270e-01 2.789812569068984005e-01
8.333333333333334814e-01 3.025835551386220068e-01
8.529411764705883137e-01 3.245368062268810805e-01
8.725490196078431460e-01 3.439972836313329174e-01
8.921568627450979783e-01 3.604741370131838707e-01
9.117647058823528106e-01 3.755165520994228068e-01
9.313725490196078649e-01 3.964439505947148223e-01
9.509803921568629193e-01 4.459095214041491895e-01
9.705882352941177516e-01 5.723257539947745887e-01
9.901960784313725839e-01 8.313799642943489054e-01
