1.862745098039215730e-01 -2.436758888332217765e-01
2.058823529411764053e-01 -2.436727922196113838e-01
2.254901960784313486e-01 -2.403346399003661871e-01
1.666666666666666297e-01 -2.403221874288806736e-01
2.450980392156862919e-01 -2.337969555275938860e-01
1.470588235294116863e-01 -2.335617168250111453e-01
2.647058823529411242e-01 -2.243577429360650299e-01
1.274509803921568540e-01 -2.234184971482169879e-01
2.843137254901960675e-01 -2.124228319844035096e-01
1.078431372549020217e-01 -2.097141630194590267e-01
3.039215686274510109e-01 -1.984966748894960720e-01
8.823529411764707842e-02 -1.917535679903979440e-01
3.235294117647058432e-01 -1.831260649401615648e-01
6.862745098039213509e-02 -1.678903334737589514e-01
3.431372549019607865e-01 -1.668670065254294621e-01
3.627450980392157298e-01 -1.502354186791484969e-01
4.901960784313730279e-02 -1.356511957688414094e-01
3.823529411764705621e-01 -1.336611603867389475e-01
4.019607843137255054e-01 -1.174541967445627971e-01
4.215686274509804488e-01 -1.017904950141743370e-01
2.941176470588235947e-02 -9.198365191542111352e-02
4.411764705882352811e-01 -8.671914517356944796e-02
4.607843137254902244e-01 -7.218710578744337580e-02
4.803921568627451677e-01 -5.807415741438604062e-02
5.000000000000000000e-01 -4.422981933022065992e-02
9.803921568627419619e-03 -3.490563136117481868e-02
5.196078431372548323e-01 -3.050060621596797916e-02
5.392156862745097756e-01 -1.671682495793204437e-02
5.588235294117647189e-01 -2.781576213143504596e-03
5.784313725490195512e-01 1.131240936784074121e-02
5.980392156862744946e-01 2.556127219053773089e-02
6.176470588235294379e-01 4.000342847300774468e-02
6.372549019607842702e-01 5.462593473794035565e-02
6.568627450980392135e-01 6.934494394991792821e-02
6.764705882352941568e-01 8.410604034730354006e-02
6.960784313725489891e-01 9.884055780626545273e-02
7.156862745098039325e-01 1.134715679215835549e-01
7.352941176470588758e-01 1.279154100621220369e-01
7.549019607843137081e-01 1.420850049641710355e-01
7.745098039215685404e-01 1.558950510156399960e-01
7.941176470588233727e-01 1.692626498763409870e-01
8.137254901960784270e-01 1.821165870724864855e-01
8.333333333333334814e-01 1.944202035631586722e-01
8.529411764705883137e-01 2.062315432930616754e-01
8.725490196078431460e-01 2.179208122470368547e-01
8.921568627450979783e-01 2.305706694792207800e-01
9.117647058823528106e-01 2.471719036500211741e-01
9.264705882352940458e-01 2.670042906993312370e-01
9.362745098039216840e-01 2.893215611726699943e-01
9.460784313725492112e-01 3.213242651504081837e-01
9.534313725490197733e-01 3.575850185189972108e-01
9.583333333333334814e-01 3.870355848454662961e-01
9.620098039215687624e-01 4.137906318499540159e-01
9.644607843137256165e-01 4.327306471628239448e-01
9.662990196078432570e-01 4.483576934948960147e-01
9.675245098039216840e-01 4.589008550382541740e-01
9.687500000000001110e-01 4.699475709441398030e-01
9.699754901960785380e-01 4.814923804227007609e-01
9.712009803921569651e-01 4.936547562013423041e-01
9.724264705882353921e-01 5.065035306946643612e-01
9.736519607843138191e-01 5.201436143352616837e-01
9.748774509803922461e-01 5.347352544793974038e-01
9.761029411764706731e-01 5.503811831030804846e-01
9.773284313725491002e-01 5.672101827992922507e-01
9.785539215686275272e-01 5.851853148855031828e-01
9.797794117647059542e-01 6.042543126181619817e-01
9.810049019607843812e-01 6.241902362657878456e-01
9.822303921568628082e-01 6.448323293978844850e-01
9.834558823529412352e-01 6.659759195730926562e-01
9.846813725490196623e-01 6.875691382296768017e-01
9.859068627450980893e-01 7.095929268540450696e-01
9.871323529411765163e-01 7.321186744999267360e-01
9.883578431372549433e-01 7.551792141148124804e-01
9.895833333333333703e-01 7.787844040110893928e-01
9.908088235294117974e-01 8.028854193520185145e-01
9.920343137254902244e-01 8.274319585442726499e-01
9.932598039215686514e-01 8.524175229114141494e-01
9.944852941176470784e-01 8.779041382576295849e-01
