1.757425742574256766e-01 -3.836194312980115151e-01
1.707920792079207217e-01 -3.835358433679896817e-01
1.806930693069306315e-01 -3.828800013195208796e-01
1.658415841584157668e-01 -3.825810701099157107e-01
1.856435643564355864e-01 -3.813653140342536663e-01
1.608910891089108119e-01 -3.807505027226795735e-01
1.905940594059405413e-01 -3.791191405057274255e-01
1.559405940594058571e-01 -3.780206813214759265e-01
1.955445544554454962e-01 -3.761982728076938565e-01
1.509900990099009022e-01 -3.743843493153600765e-01
2.004950495049504511e-01 -3.726660424846534592e-01
1.460396039603959473e-01 -3.698487901043076009e-01
2.054455445544554060e-01 -3.685898546534621678e-01
1.410891089108909924e-01 -3.644325154090454766e-01
2.103960396039603609e-01 -3.640388818430036477e-01
2.153465346534653158e-01 -3.590822174899240826e-01
1.361386138613860375e-01 -3.581620747727148335e-01
2.202970297029702706e-01 -3.537872259938746877e-01
1.311881188118810826e-01 -3.510542738336697166e-01
2.252475247524752255e-01 -3.482178447158295054e-01
2.301980198019801804e-01 -3.424344183544360543e-01
1.237623762376237613e-01 -3.392217873979517795e-01
2.351485148514851353e-01 -3.364876110860933744e-01
2.425742574257425677e-01 -3.275353829262434013e-01
1.138613861386139625e-01 -3.208607874590654330e-01
2.524752475247524774e-01 -3.151557650221094575e-01
2.623762376237623872e-01 -3.027830306499376123e-01
1.039603960396040527e-01 -3.000348848482077835e-01
2.722772277227722970e-01 -2.906301342097639684e-01
2.821782178217822068e-01 -2.788134800948126046e-01
9.405940594059414295e-02 -2.773243792046816147e-01
2.920792079207921166e-01 -2.674118025375750718e-01
3.019801980198020264e-01 -2.564306459263588911e-01
8.415841584158423316e-02 -2.532812230892143024e-01
3.118811881188119361e-01 -2.458442908270083438e-01
3.217821782178218459e-01 -2.355832610970920726e-01
7.425742574257432338e-02 -2.283462078059990685e-01
3.316831683168317557e-01 -2.255810306644225049e-01
3.415841584158416655e-01 -2.157755009732721385e-01
3.514851485148515753e-01 -2.061126889841088383e-01
6.435643564356441360e-02 -2.027668116889245753e-01
3.613861386138614851e-01 -1.965473151747059999e-01
3.712871287128713949e-01 -1.870424853577126734e-01
3.811881188118811936e-01 -1.775693277393944614e-01
5.445544554455450381e-02 -1.765293370337055190e-01
3.910891089108909924e-01 -1.681061266058178627e-01
4.009900990099009022e-01 -1.586371941449526701e-01
4.455445544554459403e-02 -1.493352083940595598e-01
4.108910891089108119e-01 -1.491519206032307643e-01
4.207920792079207217e-01 -1.396435376533974870e-01
4.306930693069306315e-01 -1.301082078989035939e-01
3.465346534653468424e-02 -1.206736982187474327e-01
4.405940594059405413e-01 -1.205441130466658878e-01
4.504950495049504511e-01 -1.109506835544273179e-01
4.603960396039603609e-01 -1.013279889732168482e-01
4.702970297029702706e-01 -9.167628664129057192e-02
2.475247524752477446e-02 -8.994313913756184220e-02
4.801980198019801804e-01 -8.199570825704245725e-02
4.900990099009900902e-01 -7.228607102492916325e-02
5.000000000000000000e-01 -6.254679519490402573e-02
1.485148514851486468e-02 -5.654375677937006905e-02
5.099009900990099098e-01 -5.277690318048664647e-02
5.198019801980198196e-01 -4.297507501574111127e-02
5.297029702970297294e-01 -3.313954985983715712e-02
5.396039603960396391e-01 -2.326484213469978690e-02
4.950495049504954892e-03 -2.002480942023973642e-02
5.495049504950495489e-01 -1.334400014725546819e-02
5.594059405940594587e-01 -3.375417278886804189e-03
5.693069306930693685e-01 6.639914875611404796e-03
5.792079207920792783e-01 1.670436996941861846e-02
5.891089108910891881e-01 2.682662485823166312e-02
5.990099009900990978e-01 3.701524132219609353e-02
6.089108910891090076e-01 4.727792801768240794e-02
6.188118811881189174e-01 5.761722171901172834e-02
6.287128712871287162e-01 6.804021737753453147e-02
6.386138613861385149e-01 7.855490148120844451e-02
6.485148514851484247e-01 8.916990726444713744e-02
6.584158415841583345e-01 9.989458893317079702e-02
6.683168316831682443e-01 1.107389738290741610e-01
6.782178217821781541e-01 1.217136796441835866e-01
6.881188118811880639e-01 1.328297301812283726e-01
6.980198019801979736e-01 1.440982362242864412e-01
7.079207920792078834e-01 1.555299167834672258e-01
7.178217821782177932e-01 1.671344295282644055e-01
7.277227722772277030e-01 1.789194850540876680e-01
7.376237623762376128e-01 1.908897233394220849e-01
7.475247524752475226e-01 2.030453792607977981e-01
7.574257425742574323e-01 2.153806509262335966e-01
7.673267326732673421e-01 2.278822432440684442e-01
7.772277227722772519e-01 2.405266196011709712e-01
7.871287128712871617e-01 2.532813528346660181e-01
7.970297029702970715e-01 2.660969188025071319e-01
8.069306930693069813e-01 2.789228492584666652e-01
8.168316831683168910e-01 2.916545113723434945e-01
8.242574257425743234e-01 3.008604802085009244e-01
8.292079207920792783e-01 3.070311664852016786e-01
8.341584158415842332e-01 3.131367698061182647e-01
8.391089108910891881e-01 3.191613993123157411e-01
8.440594059405941429e-01 3.250875868756178955e-01
8.490099009900990978e-01 3.308970092618868653e-01
8.539603960396040527e-01 3.365713904266763867e-01
8.589108910891090076e-01 3.420927669346839339e-01
8.638613861386139625e-01 3.474435535385316798e-01
8.688118811881189174e-01 3.526068564699817443e-01
8.737623762376238723e-01 3.575671555464514095e-01
8.787128712871288272e-01 3.623114563708649816e-01
8.836633663366337821e-01 3.668310707199640697e-01
8.886138613861387370e-01 3.711242728143303582e-01
8.935643564356436919e-01 3.752001793256298789e-01
8.985148514851486468e-01 3.790842076518842196e-01
9.034653465346536017e-01 3.828257006140141083e-01
9.084158415841585565e-01 3.865078682812584376e-01
9.133663366336635114e-01 3.902571122016721406e-01
9.183168316831684663e-01 3.942669062243879807e-01
9.232673267326734212e-01 3.988009315781972930e-01
9.282178217821783761e-01 4.042448605174230880e-01
9.331683168316833310e-01 4.110889993280896770e-01
9.381188118811882859e-01 4.199710259486130193e-01
9.430693069306932408e-01 4.316731443760093989e-01
9.480198019801981957e-01 4.471183130361268132e-01
9.529702970297031506e-01 4.673418264907525654e-01
9.579207920792081055e-01 4.934343518493468639e-01
9.628712871287130604e-01 5.264496502417623791e-01
9.678217821782180152e-01 5.672743113133896786e-01
9.727722772277229701e-01 6.164631825503394946e-01
9.777227722772279250e-01 6.740542508677603850e-01
9.826732673267328799e-01 7.393887438621945529e-01
9.876237623762378348e-01 8.109833083942489251e-01
9.925742574257427897e-01 8.865069980050216403e-01
