1.862745098039215730e-01 -3.729716150875653224e-01
1.666666666666666297e-01 -3.695476477758170564e-01
2.058823529411764053e-01 -3.657663191191050100e-01
1.470588235294116863e-01 -3.553320484344392183e-01
2.254901960784313486e-01 -3.495800692058429471e-01
1.274509803921568540e-01 -3.290274208556390190e-01
2.450980392156862919e-01 -3.278421168650449413e-01
2.647058823529411242e-01 -3.039342465856194053e-01
1.078431372549020217e-01 -2.928820294293976167e-01
2.843137254901960675e-01 -2.802002556480677753e-01
3.039215686274510109e-01 -2.576978690703645714e-01
8.823529411764707842e-02 -2.490359044847642034e-01
3.235294117647058432e-01 -2.366161081910102548e-01
3.431372549019607865e-01 -2.166937892271650623e-01
6.862745098039213509e-02 -2.014253519209891485e-01
3.627450980392157298e-01 -1.975208966925348086e-01
3.823529411764705621e-01 -1.787234709682384570e-01
4.019607843137255054e-01 -1.600376929551387550e-01
4.901960784313730279e-02 -1.517589330284814797e-01
4.215686274509804488e-01 -1.413074632519109308e-01
4.411764705882352811e-01 -1.224596766505244294e-01
4.607843137254902244e-01 -1.034705574317137527e-01
2.941176470588235947e-02 -9.808479753874876916e-02
4.803921568627451677e-01 -8.433918644372795370e-02
5.000000000000000000e-01 -6.507199260879702185e-02
5.196078431372548323e-01 -4.568353361325113576e-02
9.803921568627417885e-03 -3.653751652808572697e-02
5.392156862745097756e-01 -2.619235189992010979e-02
5.588235294117647189e-01 -6.363223596937419950e-03
5.784313725490195512e-01 1.359158935155544215e-02
5.980392156862744946e-01 3.361222706617118111e-02
6.176470588235294379e-01 5.406240520333283062e-02
6.372549019607842702e-01 7.485153969189374534e-02
6.568627450980392135e-01 9.603051635938071595e-02
6.764705882352941568e-01 1.176782529044327341e-01
6.960784313725489891e-01 1.398794790654935560e-01
7.156862745098039325e-01 1.627148639936944197e-01
7.352941176470588758e-01 1.862431991453507851e-01
7.549019607843137081e-01 2.104706993499310952e-01
7.745098039215685404e-01 2.353101402812096399e-01
7.941176470588233727e-01 2.605248971535017999e-01
8.137254901960784270e-01 2.856816073176020043e-01
8.333333333333334814e-01 3.100450963152969752e-01
8.529411764705883137e-01 3.327701230999345339e-01
8.725490196078431460e-01 3.525106174809889970e-01
8.921568627450979783e-01 3.700975681017255048e-01
9.117647058823528106e-01 3.858785169592762743e-01
9.313725490196078649e-01 4.080172563714535849e-01
9.509803921568629193e-01 4.596057011616250798e-01
9.705882352941177516e-01 5.876787830941324620e-01
9.901960784313725839e-01 8.416642912174879809e-01
