-1.416403785488959066e+00 -7.763496143958870110e-02
-6.277602523659300271e-01 -1.084832904884319715e-01
1.608832807570981238e-01 -6.884318766066838124e-01
9.495268138801269409e-01 -7.994858611825192973e-01
1.769716088328075809e+00 -7.192802056555269719e-01
2.589905362776025122e+00 -6.082262210796915980e-01
3.362776025236593469e+00 -2.658097686375321400e-01
4.167192429022080979e+00 -1.979434447300771893e-01
4.924290220820188857e+00 -2.380462724935733521e-01
5.776025236593060441e+00 -2.627249357326478796e-01
6.580441640378548840e+00 -2.935732647814910390e-01
7.353312302839116299e+00 -2.812339331619537752e-01
8.157728706624608250e+00 -3.059125964010283028e-01
