-1.416403785488959066e+00 -1.416403785488959066e+00
-6.277602523659300271e-01 -6.277602523659300271e-01
1.608832807570981238e-01 1.608832807570981238e-01
9.495268138801269409e-01 9.495268138801269409e-01
1.769716088328075809e+00 1.769716088328075809e+00
2.589905362776025122e+00 2.589905362776025122e+00
3.362776025236593469e+00 3.362776025236593469e+00
4.167192429022080979e+00 4.167192429022080979e+00
4.924290220820188857e+00 4.924290220820188857e+00
5.776025236593060441e+00 5.776025236593060441e+00
6.580441640378548840e+00 6.580441640378548840e+00
7.353312302839116299e+00 7.353312302839116299e+00
8.157728706624608250e+00 8.157728706624608250e+00
