1.000000000000000000e+00 1.000000000000000000e+00
2.000000000000000000e+00 7.033558838555112880e-01
3.000000000000000000e+00 7.053861850978672132e-01
4.000000000000000000e+00 6.653182971143583035e-01
5.000000000000000000e+00 5.926551197068159471e-01
6.000000000000000000e+00 4.922406744656246391e-01
7.000000000000000000e+00 4.044673441728572905e-01
8.000000000000000000e+00 3.353741558399528366e-01
9.000000000000000000e+00 2.797023207084491370e-01
1.000000000000000000e+01 2.396005898128144573e-01
1.100000000000000000e+01 2.200393084371731756e-01
1.200000000000000000e+01 2.143010934658038935e-01
1.300000000000000000e+01 2.143173371827500340e-01
1.400000000000000000e+01 2.104506521848144018e-01
1.500000000000000000e+01 1.972548939164751047e-01
1.600000000000000000e+01 1.840935950516866815e-01
1.700000000000000000e+01 1.731020204803330187e-01
1.800000000000000000e+01 1.661002695632018411e-01
1.900000000000000000e+01 1.579868750376244579e-01
2.000000000000000000e+01 1.482548027789080125e-01
2.100000000000000000e+01 1.387591960675443326e-01
2.200000000000000000e+01 1.294414277951223546e-01
2.300000000000000000e+01 1.216719712071653026e-01
2.400000000000000000e+01 1.148821195796494027e-01
2.500000000000000000e+01 1.093569136775087713e-01
2.600000000000000000e+01 1.035278492037660369e-01
2.700000000000000000e+01 9.640916803080790132e-02
2.800000000000000000e+01 8.826503345417162361e-02
2.900000000000000000e+01 8.057670674922283449e-02
3.000000000000000000e+01 7.404405804135093250e-02
3.100000000000000000e+01 6.859581083537749646e-02
3.200000000000000000e+01 6.316887230802241404e-02
3.300000000000000000e+01 5.871835741198057346e-02
3.400000000000000000e+01 5.507730385289798247e-02
3.500000000000000000e+01 5.201516399023720788e-02
3.600000000000000000e+01 4.886217032644044056e-02
3.700000000000000000e+01 4.567568638243926782e-02
3.800000000000000000e+01 4.266335889767174788e-02
3.900000000000000000e+01 4.042493626852204647e-02
4.000000000000000000e+01 3.864109560661231624e-02
4.100000000000000000e+01 3.696575526799800865e-02
4.200000000000000000e+01 3.489309820579514221e-02
4.300000000000000000e+01 3.310534491607240726e-02
4.400000000000000000e+01 3.158317861089207645e-02
4.500000000000000000e+01 3.013470939239762739e-02
4.600000000000000000e+01 2.897552376946792990e-02
4.700000000000000000e+01 2.827157982358336971e-02
4.800000000000000000e+01 2.766592243422588346e-02
4.900000000000000000e+01 2.687670850563696548e-02
5.000000000000000000e+01 2.591549213937273388e-02
5.100000000000000000e+01 2.480295255483407069e-02
5.200000000000000000e+01 2.371034395137858533e-02
5.300000000000000000e+01 2.260445708949569005e-02
5.400000000000000000e+01 2.159089836560575126e-02
5.500000000000000000e+01 2.067039628893378375e-02
5.600000000000000000e+01 1.983729621443040825e-02
5.700000000000000000e+01 1.902484750013594406e-02
5.800000000000000000e+01 1.825234417784907248e-02
5.900000000000000000e+01 1.749855986917412884e-02
6.000000000000000000e+01 1.674605358424442747e-02
6.100000000000000000e+01 1.605271924400872643e-02
6.200000000000000000e+01 1.541897041937674226e-02
6.300000000000000000e+01 1.479225683190110198e-02
6.400000000000000000e+01 1.411394629793248298e-02
6.500000000000000000e+01 1.344677257718898157e-02
6.600000000000000000e+01 1.280104192425446374e-02
6.700000000000000000e+01 1.218989398341905651e-02
6.800000000000000000e+01 1.162681384301593630e-02
6.900000000000000000e+01 1.103455896283818578e-02
7.000000000000000000e+01 1.039378386697956298e-02
7.100000000000000000e+01 9.801459964291442048e-03
7.200000000000000000e+01 9.267935634592303767e-03
7.300000000000000000e+01 8.789512684167865783e-03
7.400000000000000000e+01 8.359626134302492947e-03
7.500000000000000000e+01 7.940330103914755924e-03
7.600000000000000000e+01 7.536587758076614477e-03
7.700000000000000000e+01 7.164721791191788931e-03
7.800000000000000000e+01 6.820771975836072316e-03
7.900000000000000000e+01 6.468587802688030228e-03
8.000000000000000000e+01 6.135897784353655342e-03
8.100000000000000000e+01 5.832346714781781911e-03
8.200000000000000000e+01 5.549793684115959108e-03
8.300000000000000000e+01 5.283423241429690241e-03
8.400000000000000000e+01 5.039864448765285151e-03
8.500000000000000000e+01 4.816020953030500720e-03
8.600000000000000000e+01 4.603095727921261218e-03
8.700000000000000000e+01 4.402440460433074132e-03
8.800000000000000000e+01 4.212507194808559792e-03
8.900000000000000000e+01 4.031197439286629894e-03
9.000000000000000000e+01 3.856805945644386190e-03
9.100000000000000000e+01 3.691904003780326505e-03
9.200000000000000000e+01 3.534997928727648831e-03
9.300000000000000000e+01 3.385836095675485904e-03
9.400000000000000000e+01 3.243082304941657858e-03
9.500000000000000000e+01 3.105448416271674051e-03
9.600000000000000000e+01 2.974185195396225525e-03
9.700000000000000000e+01 2.848289769742179661e-03
9.800000000000000000e+01 2.726024883037562845e-03
9.900000000000000000e+01 2.609395262857896504e-03
1.000000000000000000e+02 2.497735085597634509e-03
1.010000000000000000e+02 2.391354798357261859e-03
1.020000000000000000e+02 2.290420911739770530e-03
1.030000000000000000e+02 2.194907390994437629e-03
1.040000000000000000e+02 2.102084351650313192e-03
1.050000000000000000e+02 2.012601962098570663e-03
1.060000000000000000e+02 1.929564015761169645e-03
1.070000000000000000e+02 1.853764217539825279e-03
1.080000000000000000e+02 1.785294242134551112e-03
1.090000000000000000e+02 1.722757542909003235e-03
1.100000000000000000e+02 1.664334257784212115e-03
1.110000000000000000e+02 1.609330096333667351e-03
1.120000000000000000e+02 1.556904228358695248e-03
1.130000000000000000e+02 1.506589662329254828e-03
1.140000000000000000e+02 1.458686916766177132e-03
1.150000000000000000e+02 1.412230352684487947e-03
1.160000000000000000e+02 1.367602668635728479e-03
1.170000000000000000e+02 1.324896795936442726e-03
1.180000000000000000e+02 1.284171075985809192e-03
1.190000000000000000e+02 1.245229509030795203e-03
1.200000000000000000e+02 1.207735234956128050e-03
1.210000000000000000e+02 1.171601156509315903e-03
1.220000000000000000e+02 1.136622865907489918e-03
1.230000000000000000e+02 1.102764363305268032e-03
1.240000000000000000e+02 1.070004024169091909e-03
1.250000000000000000e+02 1.038289880547985404e-03
1.260000000000000000e+02 1.007722691755928756e-03
1.270000000000000000e+02 9.781322807287777272e-04
1.280000000000000000e+02 9.499239791401014417e-04
1.290000000000000000e+02 9.225712977187335235e-04
1.300000000000000000e+02 8.961948275258272735e-04
1.310000000000000000e+02 8.709510155451836468e-04
1.320000000000000000e+02 8.468294780006026473e-04
1.330000000000000000e+02 8.237423747197572055e-04
1.340000000000000000e+02 8.016246057709995728e-04
1.350000000000000000e+02 7.803773757058811867e-04
1.360000000000000000e+02 7.600347451903476147e-04
1.370000000000000000e+02 7.405354454753939426e-04
1.380000000000000000e+02 7.218324838318771744e-04
1.390000000000000000e+02 7.038897337419709049e-04
1.400000000000000000e+02 6.866558020348539947e-04
1.410000000000000000e+02 6.700856670526826814e-04
1.420000000000000000e+02 6.541358017061020286e-04
1.430000000000000000e+02 6.387664254121212500e-04
1.440000000000000000e+02 6.238827447841011195e-04
1.450000000000000000e+02 6.093842739097040870e-04
1.460000000000000000e+02 5.955433275370814687e-04
1.470000000000000000e+02 5.821378534476139444e-04
1.480000000000000000e+02 5.690807261893071666e-04
1.490000000000000000e+02 5.565854385752687242e-04
1.500000000000000000e+02 5.443612264716947381e-04
1.510000000000000000e+02 5.326108665791016474e-04
1.520000000000000000e+02 5.211233711795713094e-04
1.530000000000000000e+02 5.100548832966822358e-04
1.540000000000000000e+02 4.992734459383808962e-04
1.550000000000000000e+02 4.888288365163165729e-04
1.560000000000000000e+02 4.786455735790608569e-04
1.570000000000000000e+02 4.687720448212712100e-04
1.580000000000000000e+02 4.591391523813688719e-04
1.590000000000000000e+02 4.497695643792772903e-04
1.600000000000000000e+02 4.406332216705213019e-04
1.610000000000000000e+02 4.317277146485214265e-04
1.620000000000000000e+02 4.230355411263105265e-04
1.630000000000000000e+02 4.145583242828399309e-04
1.640000000000000000e+02 4.062846616496407584e-04
1.650000000000000000e+02 3.982080943864198968e-04
1.660000000000000000e+02 3.903192837803871841e-04
1.670000000000000000e+02 3.826130681828542913e-04
1.680000000000000000e+02 3.750821098604944516e-04
1.690000000000000000e+02 3.677120305952616408e-04
1.700000000000000000e+02 3.605046851163666772e-04
1.710000000000000000e+02 3.534642114747989922e-04
1.720000000000000000e+02 3.465792138739046059e-04
1.730000000000000000e+02 3.398427332545086283e-04
1.740000000000000000e+02 3.332494100549496111e-04
1.750000000000000000e+02 3.267944314625481866e-04
1.760000000000000000e+02 3.204734158094448655e-04
1.770000000000000000e+02 3.142828096483601670e-04
1.780000000000000000e+02 3.082185019664449412e-04
1.790000000000000000e+02 3.022773102886646551e-04
1.800000000000000000e+02 2.964557088349581166e-04
1.810000000000000000e+02 2.907502511604213922e-04
1.820000000000000000e+02 2.851576170125512074e-04
1.830000000000000000e+02 2.796754330900260354e-04
1.840000000000000000e+02 2.743008879152528242e-04
1.850000000000000000e+02 2.690315050110680993e-04
1.860000000000000000e+02 2.638649399268232698e-04
1.870000000000000000e+02 2.587990160591440727e-04
1.880000000000000000e+02 2.538315703662009817e-04
1.890000000000000000e+02 2.489632942959359770e-04
1.900000000000000000e+02 2.441767107678019565e-04
1.910000000000000000e+02 2.394599931475846239e-04
1.920000000000000000e+02 2.348271703026257680e-04
1.930000000000000000e+02 2.302895940935792396e-04
1.940000000000000000e+02 2.258476537756265391e-04
1.950000000000000000e+02 2.214971288865981685e-04
1.960000000000000000e+02 2.172308096927331414e-04
1.970000000000000000e+02 2.130491209594976936e-04
1.980000000000000000e+02 2.089491469968674723e-04
1.990000000000000000e+02 2.049282353899048339e-04
2.000000000000000000e+02 2.009846231163298004e-04
2.010000000000000000e+02 1.971166417027564986e-04
2.020000000000000000e+02 1.933222594309426878e-04
2.030000000000000000e+02 1.896000408778234522e-04
2.040000000000000000e+02 1.859493150420225306e-04
2.050000000000000000e+02 1.823685711428920948e-04
2.060000000000000000e+02 1.788560153385401676e-04
2.070000000000000000e+02 1.754102782583542408e-04
2.080000000000000000e+02 1.720299660436265250e-04
2.090000000000000000e+02 1.687138410999751729e-04
2.100000000000000000e+02 1.654606958120870166e-04
2.110000000000000000e+02 1.622693794800723530e-04
2.120000000000000000e+02 1.591386865217717431e-04
2.130000000000000000e+02 1.560674628126340233e-04
2.140000000000000000e+02 1.530545611193479688e-04
2.150000000000000000e+02 1.500988478570942236e-04
2.160000000000000000e+02 1.471992411353300581e-04
2.170000000000000000e+02 1.443546910229330418e-04
2.180000000000000000e+02 1.415641251362717080e-04
2.190000000000000000e+02 1.388265649687473108e-04
2.200000000000000000e+02 1.361410144795368693e-04
2.210000000000000000e+02 1.335064953558211731e-04
2.220000000000000000e+02 1.309220550431243327e-04
2.230000000000000000e+02 1.283865292771293131e-04
2.240000000000000000e+02 1.258979188838369443e-04
2.250000000000000000e+02 1.234581431958044532e-04
2.260000000000000000e+02 1.210647170778232184e-04
2.270000000000000000e+02 1.187169145891020229e-04
2.280000000000000000e+02 1.164139120840034148e-04
2.290000000000000000e+02 1.141549386795060909e-04
2.300000000000000000e+02 1.119391710446305128e-04
2.310000000000000000e+02 1.097657918904579826e-04
2.320000000000000000e+02 1.076339903488940153e-04
2.330000000000000000e+02 1.055429739174246261e-04
2.340000000000000000e+02 1.034919639753642968e-04
2.350000000000000000e+02 1.014802202751374018e-04
2.360000000000000000e+02 9.950700898843589876e-05
2.370000000000000000e+02 9.757161300501312887e-05
2.380000000000000000e+02 9.567332623884383181e-05
2.390000000000000000e+02 9.381145797244046138e-05
2.400000000000000000e+02 9.198532892163555530e-05
2.410000000000000000e+02 9.019427241679284278e-05
2.420000000000000000e+02 8.843763341991797819e-05
2.430000000000000000e+02 8.671476683783103771e-05
2.440000000000000000e+02 8.502503923656924126e-05
2.450000000000000000e+02 8.336783210702055204e-05
2.460000000000000000e+02 8.174253553699992300e-05
2.470000000000000000e+02 8.014855179432836139e-05
2.480000000000000000e+02 7.858529025832682133e-05
2.490000000000000000e+02 7.705217305741429885e-05
2.500000000000000000e+02 7.554863283175927409e-05
2.510000000000000000e+02 7.407411193100612624e-05
2.520000000000000000e+02 7.262806169940556379e-05
2.530000000000000000e+02 7.120994841247786774e-05
2.540000000000000000e+02 6.981924288455268381e-05
2.550000000000000000e+02 6.845542728258588070e-05
2.560000000000000000e+02 6.711799273041202287e-05
2.570000000000000000e+02 6.580643983481951212e-05
2.580000000000000000e+02 6.452027819049182742e-05
2.590000000000000000e+02 6.325902644233036601e-05
2.600000000000000000e+02 6.202221199507138298e-05
2.610000000000000000e+02 6.080937090464668380e-05
2.620000000000000000e+02 5.962004679327747940e-05
2.630000000000000000e+02 5.845379190018233482e-05
2.640000000000000000e+02 5.731016763410109072e-05
2.650000000000000000e+02 5.618874356460582724e-05
2.660000000000000000e+02 5.508909727335350976e-05
2.670000000000000000e+02 5.401077902363233835e-05
2.680000000000000000e+02 5.295335466266255965e-05
2.690000000000000000e+02 5.191648923419918209e-05
2.700000000000000000e+02 5.089981635575076876e-05
2.710000000000000000e+02 4.990294849869597810e-05
2.720000000000000000e+02 4.892549538037675770e-05
2.730000000000000000e+02 4.796707613857328022e-05
2.740000000000000000e+02 4.702732165700876978e-05
2.750000000000000000e+02 4.610587221558229095e-05
2.760000000000000000e+02 4.520237531891478698e-05
2.770000000000000000e+02 4.431648496040999915e-05
2.780000000000000000e+02 4.344786164233599841e-05
2.790000000000000000e+02 4.259617185108475768e-05
2.800000000000000000e+02 4.176108910723568462e-05
2.810000000000000000e+02 4.094229396743491667e-05
2.820000000000000000e+02 4.013947244643077574e-05
2.830000000000000000e+02 3.935231644667555693e-05
2.840000000000000000e+02 3.858052508926318078e-05
2.850000000000000000e+02 3.782380042245594293e-05
2.860000000000000000e+02 3.708185028175149461e-05
2.870000000000000000e+02 3.635438934298191796e-05
2.880000000000000000e+02 3.564113793131648078e-05
2.890000000000000000e+02 3.494182148044963957e-05
2.900000000000000000e+02 3.425617043148131114e-05
2.910000000000000000e+02 3.358392023700471464e-05
2.920000000000000000e+02 3.292481135055841932e-05
2.930000000000000000e+02 3.227858916422094820e-05
2.940000000000000000e+02 3.164500392974436028e-05
2.950000000000000000e+02 3.102381066107270485e-05
2.960000000000000000e+02 3.041476903943259982e-05
2.970000000000000000e+02 2.981764331567337539e-05
2.980000000000000000e+02 2.923220222510878038e-05
2.990000000000000000e+02 2.865821890361238531e-05
3.000000000000000000e+02 2.809547080484491637e-05
3.010000000000000000e+02 2.754373962617386515e-05
3.020000000000000000e+02 2.700281123237448526e-05
3.030000000000000000e+02 2.647247557995553686e-05
3.040000000000000000e+02 2.595252664329349046e-05
3.050000000000000000e+02 2.544276234128593485e-05
3.060000000000000000e+02 2.494298446292277172e-05
3.070000000000000000e+02 2.445299859764348861e-05
3.080000000000000000e+02 2.397261406064150421e-05
3.090000000000000000e+02 2.350164382916321824e-05
3.100000000000000000e+02 2.303990446741403781e-05
3.110000000000000000e+02 2.258721606795237449e-05
3.120000000000000000e+02 2.214340217982871417e-05
3.130000000000000000e+02 2.170828974878860783e-05
3.140000000000000000e+02 2.128170905140160267e-05
3.150000000000000000e+02 2.086349363510328308e-05
3.160000000000000000e+02 2.045348025600195101e-05
3.170000000000000000e+02 2.005150882037922048e-05
3.180000000000000000e+02 1.965742232317799361e-05
3.190000000000000000e+02 1.927106679350463868e-05
3.200000000000000000e+02 1.889229123431171290e-05
3.210000000000000000e+02 1.852094756831459033e-05
3.220000000000000000e+02 1.815689058294426100e-05
3.230000000000000000e+02 1.779997787515385436e-05
3.240000000000000000e+02 1.745006979912491559e-05
3.250000000000000000e+02 1.710702941367428962e-05
3.260000000000000000e+02 1.677072243014935356e-05
3.270000000000000000e+02 1.644101716419022561e-05
3.280000000000000000e+02 1.611778448320087790e-05
3.290000000000000000e+02 1.580089776074931088e-05
3.300000000000000000e+02 1.549023282647072141e-05
3.310000000000000000e+02 1.518566792058486590e-05
3.320000000000000000e+02 1.488708364795853279e-05
3.330000000000000000e+02 1.459436293130030778e-05
3.340000000000000000e+02 1.430739096956547260e-05
3.350000000000000000e+02 1.402605519224607529e-05
3.360000000000000000e+02 1.375024521653666884e-05
3.370000000000000000e+02 1.347985280902040049e-05
3.380000000000000000e+02 1.321477183950481819e-05
3.390000000000000000e+02 1.295489824518090986e-05
3.400000000000000000e+02 1.270012998701811147e-05
3.410000000000000000e+02 1.245036701502523792e-05
3.420000000000000000e+02 1.220551122671074040e-05
3.430000000000000000e+02 1.196546643159515661e-05
3.440000000000000000e+02 1.173013831494636747e-05
3.450000000000000000e+02 1.149943439910302580e-05
3.460000000000000000e+02 1.127326401127663008e-05
3.470000000000000000e+02 1.105153824695450366e-05
3.480000000000000000e+02 1.083416993638184728e-05
3.490000000000000000e+02 1.062107361059913481e-05
3.500000000000000000e+02 1.041216546997918111e-05
3.510000000000000000e+02 1.020736335154405734e-05
3.520000000000000000e+02 1.000658669566154433e-05
3.530000000000000000e+02 9.809756517395566293e-06
3.540000000000000000e+02 9.616795375410625306e-06
3.550000000000000000e+02 9.427627341241801785e-06
3.560000000000000000e+02 9.242177970861728678e-06
3.570000000000000000e+02 9.060374276307576265e-06
3.580000000000000000e+02 8.882030832783577342e-06
3.590000000000000000e+02 8.707374081950670978e-06
3.600000000000000000e+02 8.536277221544967626e-06
3.610000000000000000e+02 8.368576660226348642e-06
3.620000000000000000e+02 8.204165664228962439e-06
3.630000000000000000e+02 8.042966658767548092e-06
3.640000000000000000e+02 7.884913101789059128e-06
3.650000000000000000e+02 7.729942184066869882e-06
3.660000000000000000e+02 7.577993900526988764e-06
3.670000000000000000e+02 7.429010548273101294e-06
3.680000000000000000e+02 7.282936420634647644e-06
3.690000000000000000e+02 7.139717207972908678e-06
3.700000000000000000e+02 6.999299670998344288e-06
3.710000000000000000e+02 6.861631361956004822e-06
3.720000000000000000e+02 6.726660533547634955e-06
3.730000000000000000e+02 6.594336072304771876e-06
3.740000000000000000e+02 6.464607510698783801e-06
3.750000000000000000e+02 6.337425044394051042e-06
3.760000000000000000e+02 6.212739580725680909e-06
3.770000000000000000e+02 6.090502777701244791e-06
3.780000000000000000e+02 5.970667087664092468e-06
3.790000000000000000e+02 5.853185785468322532e-06
3.800000000000000000e+02 5.738012981445488854e-06
3.810000000000000000e+02 5.625103628717695009e-06
3.820000000000000000e+02 5.514413514180381369e-06
3.830000000000000000e+02 5.405899250577000345e-06
3.840000000000000000e+02 5.299518261441614075e-06
3.850000000000000000e+02 5.195228771133912636e-06
3.860000000000000000e+02 5.092989791159725118e-06
3.870000000000000000e+02 4.992761114603727867e-06
3.880000000000000000e+02 4.894503307184575817e-06
3.890000000000000000e+02 4.798177698733243662e-06
3.900000000000000000e+02 4.703746375468228533e-06
3.910000000000000000e+02 4.611172172024106830e-06
3.920000000000000000e+02 4.520418655261329536e-06
3.930000000000000000e+02 4.431450115253856026e-06
3.940000000000000000e+02 4.344231547686343211e-06
3.950000000000000000e+02 4.258728637575076077e-06
3.960000000000000000e+02 4.174907746526434765e-06
3.970000000000000000e+02 4.092735890879048430e-06
3.980000000000000000e+02 4.012180731959734893e-06
3.990000000000000000e+02 3.933210555545890872e-06
4.000000000000000000e+02 3.855794262235993690e-06
4.010000000000000000e+02 3.779901352320789846e-06
4.020000000000000000e+02 3.705501912590247374e-06
4.030000000000000000e+02 3.632566607971861731e-06
4.040000000000000000e+02 3.561066668071234082e-06
4.050000000000000000e+02 3.490973876485946411e-06
4.060000000000000000e+02 3.422260566222874415e-06
4.070000000000000000e+02 3.354899603085471759e-06
4.080000000000000000e+02 3.288864382502551997e-06
4.090000000000000000e+02 3.224128818090453702e-06
4.100000000000000000e+02 3.160667331536499920e-06
4.110000000000000000e+02 3.098454846646678696e-06
4.120000000000000000e+02 3.037466778530089007e-06
4.130000000000000000e+02 2.977679025214057008e-06
4.140000000000000000e+02 2.919067958466636542e-06
4.150000000000000000e+02 2.861610417440520491e-06
4.160000000000000000e+02 2.805283695657599422e-06
4.170000000000000000e+02 2.750065535148216112e-06
4.180000000000000000e+02 2.695934119822586822e-06
4.190000000000000000e+02 2.642868060087301043e-06
4.200000000000000000e+02 2.590846392306007570e-06
4.210000000000000000e+02 2.539848564624069101e-06
4.220000000000000000e+02 2.489854432298331735e-06
4.230000000000000000e+02 2.440844246358834690e-06
4.240000000000000000e+02 2.392798648748959613e-06
4.250000000000000000e+02 2.345698661158744940e-06
4.260000000000000000e+02 2.299525682158797454e-06
4.270000000000000000e+02 2.254261472008167260e-06
4.280000000000000000e+02 2.209888155283646057e-06
4.290000000000000000e+02 2.166388201721232458e-06
4.300000000000000000e+02 2.123744432327733902e-06
4.310000000000000000e+02 2.081940000395865685e-06
4.320000000000000000e+02 2.040958393377194121e-06
4.330000000000000000e+02 2.000783420888864905e-06
4.340000000000000000e+02 1.961399213010121175e-06
4.350000000000000000e+02 1.922790208854585610e-06
4.360000000000000000e+02 1.884941154530174591e-06
4.370000000000000000e+02 1.847837095605147554e-06
4.380000000000000000e+02 1.811463371691879112e-06
4.390000000000000000e+02 1.775805609317588569e-06
4.400000000000000000e+02 1.740849718640278621e-06
4.410000000000000000e+02 1.706581886166487964e-06
4.420000000000000000e+02 1.672988569184510085e-06
4.430000000000000000e+02 1.640056493611861258e-06
4.440000000000000000e+02 1.607772643746501845e-06
4.450000000000000000e+02 1.576124261363537706e-06
4.460000000000000000e+02 1.545098838884273656e-06
4.470000000000000000e+02 1.514684115397411507e-06
4.480000000000000000e+02 1.484868070260530150e-06
4.490000000000000000e+02 1.455638919877149971e-06
4.500000000000000000e+02 1.426985113476840959e-06
4.510000000000000000e+02 1.398895325239243763e-06
4.520000000000000000e+02 1.371358455694125580e-06
4.530000000000000000e+02 1.344363620582694033e-06
4.540000000000000000e+02 1.317900151656949788e-06
4.550000000000000000e+02 1.291957591809038734e-06
4.560000000000000000e+02 1.266525686289167381e-06
4.570000000000000000e+02 1.241594384945438545e-06
4.580000000000000000e+02 1.217153835648437290e-06
4.590000000000000000e+02 1.193194377911522967e-06
4.600000000000000000e+02 1.169706544213717232e-06
4.610000000000000000e+02 1.146681050124364599e-06
4.620000000000000000e+02 1.124108796781899183e-06
4.630000000000000000e+02 1.101980863312749054e-06
4.640000000000000000e+02 1.080288504065143048e-06
4.650000000000000000e+02 1.059023145484476736e-06
4.660000000000000000e+02 1.038176383578416199e-06
4.670000000000000000e+02 1.017739978364598747e-06
4.680000000000000000e+02 9.977058535045448596e-07
4.690000000000000000e+02 9.780660903835075344e-07
4.700000000000000000e+02 9.588129270287072411e-07
4.710000000000000000e+02 9.399387531381531524e-07
4.720000000000000000e+02 9.214361100072338683e-07
4.730000000000000000e+02 9.032976840380954772e-07
4.740000000000000000e+02 8.855163055167682310e-07
4.750000000000000000e+02 8.680849471843876645e-07
4.760000000000000000e+02 8.509967186248575184e-07
4.770000000000000000e+02 8.342448664050360217e-07
4.780000000000000000e+02 8.178227690882147090e-07
4.790000000000000000e+02 8.017239349504357500e-07
4.800000000000000000e+02 7.859420021000406973e-07
4.810000000000000000e+02 7.704707319523110904e-07
4.820000000000000000e+02 7.553040094886496324e-07
4.830000000000000000e+02 7.404358396241693925e-07
4.840000000000000000e+02 7.258603458856859692e-07
4.850000000000000000e+02 7.115717677109884074e-07
4.860000000000000000e+02 6.975644560625721487e-07
4.870000000000000000e+02 6.838328754107486724e-07
4.880000000000000000e+02 6.703715981852164197e-07
4.890000000000000000e+02 6.571753032955766144e-07
4.900000000000000000e+02 6.442387749289243606e-07
4.910000000000000000e+02 6.315568994903442492e-07
4.920000000000000000e+02 6.191246644393986911e-07
4.930000000000000000e+02 6.069371563724254188e-07
4.940000000000000000e+02 5.949895569848788114e-07
4.950000000000000000e+02 5.832771442754507555e-07
4.960000000000000000e+02 5.717952892454727243e-07
4.970000000000000000e+02 5.605394524544633908e-07
4.980000000000000000e+02 5.495051855452689420e-07
4.990000000000000000e+02 5.386881269504332698e-07
5.000000000000000000e+02 5.280840007358614139e-07
5.010000000000000000e+02 5.176886158840485293e-07
5.020000000000000000e+02 5.074978626820333494e-07
5.030000000000000000e+02 4.975077139824515207e-07
5.040000000000000000e+02 4.877142199645582617e-07
5.050000000000000000e+02 4.781135111276822910e-07
5.060000000000000000e+02 4.687017904073001235e-07
5.070000000000000000e+02 4.594753393182308231e-07
5.080000000000000000e+02 4.504305098823983570e-07
5.090000000000000000e+02 4.415637276462014999e-07
5.100000000000000000e+02 4.328714870069261141e-07
5.110000000000000000e+02 4.243503528411092929e-07
5.120000000000000000e+02 4.159969570181003452e-07
5.130000000000000000e+02 4.078079965837880576e-07
5.140000000000000000e+02 3.997802361608500276e-07
5.150000000000000000e+02 3.919105010521879078e-07
5.160000000000000000e+02 3.841956818208294691e-07
5.170000000000000000e+02 3.766327284363960341e-07
5.180000000000000000e+02 3.692186507847785600e-07
5.190000000000000000e+02 3.619505193243898078e-07
5.200000000000000000e+02 3.548254606917745645e-07
5.210000000000000000e+02 3.478406587722618297e-07
5.220000000000000000e+02 3.409933516641382226e-07
5.230000000000000000e+02 3.342808339108196141e-07
5.240000000000000000e+02 3.277004515681482471e-07
5.250000000000000000e+02 3.212496036373541603e-07
5.260000000000000000e+02 3.149257405000149112e-07
5.270000000000000000e+02 3.087263620190337013e-07
5.280000000000000000e+02 3.026490180222788308e-07
5.290000000000000000e+02 2.966913064594419115e-07
5.300000000000000000e+02 2.908508718722756641e-07
5.310000000000000000e+02 2.851254061886789953e-07
5.320000000000000000e+02 2.795126455908015687e-07
5.330000000000000000e+02 2.740103718554040405e-07
5.340000000000000000e+02 2.686164106319929141e-07
5.350000000000000000e+02 2.633286283053018711e-07
5.360000000000000000e+02 2.581449365099590637e-07
5.370000000000000000e+02 2.530632843601508575e-07
5.380000000000000000e+02 2.480816648264554296e-07
5.390000000000000000e+02 2.431981082645529266e-07
5.400000000000000000e+02 2.384106835691941412e-07
5.410000000000000000e+02 2.337174990848129437e-07
5.420000000000000000e+02 2.291166994971653460e-07
5.430000000000000000e+02 2.246064663200843699e-07
5.440000000000000000e+02 2.201850168379812764e-07
5.450000000000000000e+02 2.158506031133523652e-07
5.460000000000000000e+02 2.116015124752069449e-07
5.470000000000000000e+02 2.074360639229951224e-07
5.480000000000000000e+02 2.033526122099632978e-07
5.490000000000000000e+02 1.993495430969913125e-07
5.500000000000000000e+02 1.954252736654783194e-07
5.510000000000000000e+02 1.915782530610648431e-07
5.520000000000000000e+02 1.878069611424429099e-07
5.530000000000000000e+02 1.841099064891457795e-07
5.540000000000000000e+02 1.804856279483255568e-07
5.550000000000000000e+02 1.769326929612839354e-07
5.560000000000000000e+02 1.734496976988018580e-07
5.570000000000000000e+02 1.700352638179145499e-07
5.580000000000000000e+02 1.666880439826340156e-07
5.590000000000000000e+02 1.634067130997075502e-07
5.600000000000000000e+02 1.601899754059219539e-07
5.610000000000000000e+02 1.570365588115883936e-07
5.620000000000000000e+02 1.539452167208844718e-07
5.630000000000000000e+02 1.509147279576390529e-07
5.640000000000000000e+02 1.479438943329032220e-07
5.650000000000000000e+02 1.450315409019542428e-07
5.660000000000000000e+02 1.421765175512984989e-07
5.670000000000000000e+02 1.393776953345375926e-07
5.680000000000000000e+02 1.366339677443622744e-07
5.690000000000000000e+02 1.339442509671903199e-07
5.700000000000000000e+02 1.313074808281802900e-07
5.710000000000000000e+02 1.287226163083602705e-07
5.720000000000000000e+02 1.261886345003208834e-07
5.730000000000000000e+02 1.237045348868126174e-07
5.740000000000000000e+02 1.212693347070307288e-07
5.750000000000000000e+02 1.188820724986763955e-07
5.760000000000000000e+02 1.165418041900979262e-07
5.770000000000000000e+02 1.142476038161193359e-07
5.780000000000000000e+02 1.119985665335619848e-07
5.790000000000000000e+02 1.097938016039538306e-07
5.800000000000000000e+02 1.076324384588441081e-07
5.810000000000000000e+02 1.055136233817639002e-07
5.820000000000000000e+02 1.034365172995702053e-07
5.830000000000000000e+02 1.014003008562869388e-07
5.840000000000000000e+02 9.940416880415072165e-08
5.850000000000000000e+02 9.744733138732853478e-08
5.860000000000000000e+02 9.552901599379042771e-08
5.870000000000000000e+02 9.364846454626289814e-08
5.880000000000000000e+02 9.180493329937260080e-08
5.890000000000000000e+02 8.999769401359915170e-08
5.900000000000000000e+02 8.822603165865588232e-08
5.910000000000000000e+02 8.648924663392334226e-08
5.920000000000000000e+02 8.478665284185343182e-08
5.930000000000000000e+02 8.311757656972866795e-08
5.940000000000000000e+02 8.148135861747688242e-08
5.950000000000000000e+02 7.987735177323006384e-08
5.960000000000000000e+02 7.830492311446370204e-08
5.970000000000000000e+02 7.676344976813092634e-08
5.980000000000000000e+02 7.525232350068490556e-08
5.990000000000000000e+02 7.377094673291400677e-08
6.000000000000000000e+02 7.231873374587828566e-08
6.010000000000000000e+02 7.089511081806564059e-08
6.020000000000000000e+02 6.949951508050401759e-08
6.030000000000000000e+02 6.813139537202577083e-08
6.040000000000000000e+02 6.679020987647813685e-08
6.050000000000000000e+02 6.547542914553225455e-08
6.060000000000000000e+02 6.418653429523667688e-08
6.070000000000000000e+02 6.292301399511583418e-08
6.080000000000000000e+02 6.168437033970513485e-08
6.090000000000000000e+02 6.047011301581043687e-08
6.100000000000000000e+02 5.927976128036263013e-08
6.110000000000000000e+02 5.811284705231069664e-08
6.120000000000000000e+02 5.696890586188058608e-08
6.130000000000000000e+02 5.584748836580913185e-08
6.140000000000000000e+02 5.474814906403630571e-08
6.150000000000000000e+02 5.367045418678251344e-08
6.160000000000000000e+02 5.261397773027448452e-08
6.170000000000000000e+02 5.157830199580813057e-08
6.180000000000000000e+02 5.056301761087927779e-08
6.190000000000000000e+02 4.956772247502034006e-08
6.200000000000000000e+02 4.859202335492029787e-08
6.210000000000000000e+02 4.763553540875306443e-08
6.220000000000000000e+02 4.669787920440126942e-08
6.230000000000000000e+02 4.577868415356759052e-08
6.240000000000000000e+02 4.487758738664734358e-08
6.250000000000000000e+02 4.399423172956718005e-08
6.260000000000000000e+02 4.312826859885458354e-08
6.270000000000000000e+02 4.227935587002379870e-08
6.280000000000000000e+02 4.144715635141438608e-08
6.290000000000000000e+02 4.063134200482060165e-08
6.300000000000000000e+02 3.983159047427560187e-08
6.310000000000000000e+02 3.904758390964072852e-08
6.320000000000000000e+02 3.827901422623410864e-08
6.330000000000000000e+02 3.752557618272696853e-08
6.340000000000000000e+02 3.678697165357979833e-08
6.350000000000000000e+02 3.606290938066126932e-08
6.360000000000000000e+02 3.535310247130282177e-08
6.370000000000000000e+02 3.465727014920359365e-08
6.380000000000000000e+02 3.397513707299880700e-08
6.390000000000000000e+02 3.330643394669309316e-08
6.400000000000000000e+02 3.265089552312070773e-08
6.410000000000000000e+02 3.200826339752301666e-08
6.420000000000000000e+02 3.137828209774170798e-08
6.430000000000000000e+02 3.076070383969047648e-08
6.440000000000000000e+02 3.015528345149869201e-08
6.450000000000000000e+02 2.956178209746815430e-08
6.460000000000000000e+02 2.897996417848801071e-08
6.470000000000000000e+02 2.840960024495521412e-08
6.480000000000000000e+02 2.785046426241916845e-08
6.490000000000000000e+02 2.730233561069534573e-08
6.500000000000000000e+02 2.676499662451444443e-08
6.510000000000000000e+02 2.623823574296857235e-08
6.520000000000000000e+02 2.572184425704089631e-08
6.530000000000000000e+02 2.521561763313462473e-08
6.540000000000000000e+02 2.471935649680590230e-08
6.550000000000000000e+02 2.423286318604342695e-08
6.560000000000000000e+02 2.375594590753055178e-08
6.570000000000000000e+02 2.328841736853724625e-08
6.580000000000000000e+02 2.283009083637994840e-08
6.590000000000000000e+02 2.238078541108610762e-08
6.600000000000000000e+02 2.194032477453003449e-08
6.610000000000000000e+02 2.150853370344350275e-08
6.620000000000000000e+02 2.108524048883478105e-08
6.630000000000000000e+02 2.067027996021266453e-08
6.640000000000000000e+02 2.026348664915732925e-08
6.650000000000000000e+02 1.986469984618519255e-08
6.660000000000000000e+02 1.947376255434737257e-08
6.670000000000000000e+02 1.909051934971500335e-08
6.680000000000000000e+02 1.871481924234506741e-08
6.690000000000000000e+02 1.834651367135664876e-08
6.700000000000000000e+02 1.798545684474121526e-08
6.710000000000000000e+02 1.763150658021261242e-08
6.720000000000000000e+02 1.728452211730970106e-08
6.730000000000000000e+02 1.694436729074042013e-08
6.740000000000000000e+02 1.661090711701703830e-08
6.750000000000000000e+02 1.628400952631946780e-08
6.760000000000000000e+02 1.596354646981653273e-08
6.770000000000000000e+02 1.564938972277970060e-08
6.780000000000000000e+02 1.534141660383359037e-08
6.790000000000000000e+02 1.503950429718076018e-08
6.800000000000000000e+02 1.474353394818352531e-08
6.810000000000000000e+02 1.445338901362931470e-08
6.820000000000000000e+02 1.416895437020375133e-08
6.830000000000000000e+02 1.389011752127272958e-08
6.840000000000000000e+02 1.361676871038637044e-08
6.850000000000000000e+02 1.334879970610512724e-08
6.860000000000000000e+02 1.308610443570167512e-08
6.870000000000000000e+02 1.282857950653688931e-08
6.880000000000000000e+02 1.257612296204207210e-08
6.890000000000000000e+02 1.232863479913264502e-08
6.900000000000000000e+02 1.208601813240005643e-08
6.910000000000000000e+02 1.184817559397576206e-08
6.920000000000000000e+02 1.161501464407020753e-08
6.930000000000000000e+02 1.138644253186770281e-08
6.940000000000000000e+02 1.116236874507145464e-08
6.950000000000000000e+02 1.094270535811913869e-08
6.960000000000000000e+02 1.072736475448312073e-08
6.970000000000000000e+02 1.051626269983134353e-08
6.980000000000000000e+02 1.030931530574273726e-08
6.990000000000000000e+02 1.010644076219035624e-08
7.000000000000000000e+02 9.907558844452606801e-09
7.010000000000000000e+02 9.712591560182835226e-09
7.020000000000000000e+02 9.521460804221330311e-09
7.030000000000000000e+02 9.334091788806566027e-09
7.040000000000000000e+02 9.150410614780997308e-09
7.050000000000000000e+02 8.970344221293255988e-09
7.060000000000000000e+02 8.793821809833925433e-09
7.070000000000000000e+02 8.620772837404612917e-09
7.080000000000000000e+02 8.451130020174801917e-09
7.090000000000000000e+02 8.284825360609151343e-09
7.100000000000000000e+02 8.121794020688608061e-09
7.110000000000000000e+02 7.961970178119169478e-09
7.120000000000000000e+02 7.805292413447114546e-09
7.130000000000000000e+02 7.651697220349944112e-09
7.140000000000000000e+02 7.501124756796309172e-09
7.150000000000000000e+02 7.353515228862221863e-09
7.160000000000000000e+02 7.208810785683446121e-09
7.170000000000000000e+02 7.066953342740820642e-09
7.180000000000000000e+02 6.927887214501710794e-09
7.190000000000000000e+02 6.791557906486988817e-09
7.200000000000000000e+02 6.657910314764345419e-09
7.210000000000000000e+02 6.526893149841322108e-09
7.220000000000000000e+02 6.398452945237898130e-09
7.230000000000000000e+02 6.272540927727100968e-09
7.240000000000000000e+02 6.149105299865345571e-09
7.250000000000000000e+02 6.028098094642360387e-09
7.260000000000000000e+02 5.909471721334641520e-09
7.270000000000000000e+02 5.793179730635188563e-09
7.280000000000000000e+02 5.679174563256222113e-09
7.290000000000000000e+02 5.567412905291989302e-09
7.300000000000000000e+02 5.457849592335528909e-09
7.310000000000000000e+02 5.350440893748625390e-09
7.320000000000000000e+02 5.245145232874567066e-09
7.330000000000000000e+02 5.141921272640362206e-09
7.340000000000000000e+02 5.040727118723126593e-09
7.350000000000000000e+02 4.941523477005212760e-09
7.360000000000000000e+02 4.844270960833234332e-09
7.370000000000000000e+02 4.748931237034408406e-09
7.380000000000000000e+02 4.655466093014871508e-09
7.390000000000000000e+02 4.563840092745641600e-09
7.400000000000000000e+02 4.474015600288976444e-09
7.410000000000000000e+02 4.385956882878740917e-09
7.420000000000000000e+02 4.299630775972708781e-09
7.430000000000000000e+02 4.215001948939467419e-09
7.440000000000000000e+02 4.132036901355705572e-09
7.450000000000000000e+02 4.050703607778234063e-09
7.460000000000000000e+02 3.970969162270751785e-09
7.470000000000000000e+02 3.892802847321656713e-09
7.480000000000000000e+02 3.816173467238804543e-09
7.490000000000000000e+02 3.741050689091943451e-09
7.500000000000000000e+02 3.667405490711365633e-09
7.510000000000000000e+02 3.595207593421027369e-09
7.520000000000000000e+02 3.524429513095854227e-09
7.530000000000000000e+02 3.455042516411059105e-09
7.540000000000000000e+02 3.387019979098324813e-09
7.550000000000000000e+02 3.320335022329614275e-09
7.560000000000000000e+02 3.254960825591823276e-09
7.570000000000000000e+02 3.190871735634494823e-09
7.580000000000000000e+02 3.128043117854083105e-09
7.590000000000000000e+02 3.066449199504327370e-09
7.600000000000000000e+02 3.006066486011124175e-09
7.610000000000000000e+02 2.946870806376574482e-09
7.620000000000000000e+02 2.888839229599200188e-09
7.630000000000000000e+02 2.831947994839329460e-09
7.640000000000000000e+02 2.776175616341803411e-09
7.650000000000000000e+02 2.721499854363850170e-09
7.660000000000000000e+02 2.667898587402355490e-09
7.670000000000000000e+02 2.615351479303645494e-09
7.680000000000000000e+02 2.563837385795760098e-09
7.690000000000000000e+02 2.513336363683318476e-09
7.700000000000000000e+02 2.463828141549523679e-09
7.710000000000000000e+02 2.415293039351474412e-09
7.720000000000000000e+02 2.367712656397151300e-09
7.730000000000000000e+02 2.321068039763557541e-09
7.740000000000000000e+02 2.275340533542383402e-09
7.750000000000000000e+02 2.230512053234852963e-09
7.760000000000000000e+02 2.186565191203275344e-09
7.770000000000000000e+02 2.143482390018146918e-09
7.780000000000000000e+02 2.101247584339104872e-09
7.790000000000000000e+02 2.059842607794755551e-09
7.800000000000000000e+02 2.019252517558882984e-09
7.810000000000000000e+02 1.979460653601302755e-09
7.820000000000000000e+02 1.940451482977214342e-09
7.830000000000000000e+02 1.902209640336015488e-09
7.840000000000000000e+02 1.864720509133138030e-09
7.850000000000000000e+02 1.827968282378943975e-09
7.860000000000000000e+02 1.791939337570619214e-09
7.870000000000000000e+02 1.756619250638141355e-09
7.880000000000000000e+02 1.721994189318330815e-09
7.890000000000000000e+02 1.688050370686037928e-09
7.900000000000000000e+02 1.654774895275242336e-09
7.910000000000000000e+02 1.622153641877086543e-09
7.920000000000000000e+02 1.590174769624972286e-09
7.930000000000000000e+02 1.558825237236712769e-09
7.940000000000000000e+02 1.528092746777467383e-09
7.950000000000000000e+02 1.497965290067353239e-09
7.960000000000000000e+02 1.468430680224233355e-09
7.970000000000000000e+02 1.439477557751920547e-09
7.980000000000000000e+02 1.411094353006764175e-09
7.990000000000000000e+02 1.383270490070013841e-09
8.000000000000000000e+02 1.355993717092067045e-09
8.010000000000000000e+02 1.329254693118664616e-09
8.020000000000000000e+02 1.303041861594246798e-09
8.030000000000000000e+02 1.277345390003327001e-09
8.040000000000000000e+02 1.252154855462887251e-09
8.050000000000000000e+02 1.227460476770557731e-09
8.060000000000000000e+02 1.203252591260410580e-09
8.070000000000000000e+02 1.179521469750444996e-09
8.080000000000000000e+02 1.156257841751695765e-09
8.090000000000000000e+02 1.133453000601898980e-09
8.100000000000000000e+02 1.111096423623829869e-09
8.110000000000000000e+02 1.089181044675615290e-09
8.120000000000000000e+02 1.067697402122523265e-09
8.130000000000000000e+02 1.046636965535616239e-09
8.140000000000000000e+02 1.025991653715199623e-09
8.150000000000000000e+02 1.005752943324096669e-09
8.160000000000000000e+02 9.859132497042886823e-10
8.170000000000000000e+02 9.664644629587688083e-10
8.180000000000000000e+02 9.473991070568932639e-10
8.190000000000000000e+02 9.287098557236209775e-10
8.200000000000000000e+02 9.103883505097784742e-10
8.210000000000000000e+02 8.924281639739778683e-10
8.220000000000000000e+02 8.748221060456326568e-10
8.230000000000000000e+02 8.575633771030820207e-10
8.240000000000000000e+02 8.406445518717221705e-10
8.250000000000000000e+02 8.240592442197056318e-10
8.260000000000000000e+02 8.078015528919039889e-10
8.270000000000000000e+02 7.918637350413651154e-10
8.280000000000000000e+02 7.762402574157566786e-10
8.290000000000000000e+02 7.609251921723861389e-10
8.300000000000000000e+02 7.459117066707881092e-10
8.310000000000000000e+02 7.311948133228432069e-10
8.320000000000000000e+02 7.167673996905910194e-10
8.330000000000000000e+02 7.026252617086176156e-10
8.340000000000000000e+02 6.887613490688176836e-10
8.350000000000000000e+02 6.751711110831029925e-10
8.360000000000000000e+02 6.618494413419495130e-10
8.370000000000000000e+02 6.487897502703122980e-10
8.380000000000000000e+02 6.359879530221154945e-10
8.390000000000000000e+02 6.234386735436952419e-10
8.400000000000000000e+02 6.111368724406085320e-10
8.410000000000000000e+02 5.990777465675294375e-10
8.420000000000000000e+02 5.872566654304921172e-10
8.430000000000000000e+02 5.756683748960817519e-10
8.440000000000000000e+02 5.643090516548709705e-10
8.450000000000000000e+02 5.531736620371097216e-10
8.460000000000000000e+02 5.422578290043033592e-10
8.470000000000000000e+02 5.315574511882791606e-10
8.480000000000000000e+02 5.210684098794300408e-10
8.490000000000000000e+02 5.107855015068067454e-10
8.500000000000000000e+02 5.007064816535242792e-10
8.510000000000000000e+02 4.908256716220152525e-10
8.520000000000000000e+02 4.811397413270137362e-10
8.530000000000000000e+02 4.716455957865902827e-10
8.540000000000000000e+02 4.623381486411479192e-10
8.550000000000000000e+02 4.532143283818932577e-10
8.560000000000000000e+02 4.442710261393122777e-10
8.570000000000000000e+02 4.355038206150071861e-10
8.580000000000000000e+02 4.269094526370644152e-10
8.590000000000000000e+02 4.184851249004995467e-10
8.600000000000000000e+02 4.102264338439748515e-10
8.610000000000000000e+02 4.021312199296269291e-10
8.620000000000000000e+02 3.941951812301290102e-10
8.630000000000000000e+02 3.864163944423342843e-10
8.640000000000000000e+02 3.787905375694698411e-10
8.650000000000000000e+02 3.713155953076776228e-10
8.660000000000000000e+02 3.639875805415719236e-10
8.670000000000000000e+02 3.568051335231551170e-10
8.680000000000000000e+02 3.497632096103657950e-10
8.690000000000000000e+02 3.428612473070009968e-10
8.700000000000000000e+02 3.360949293093570396e-10
8.710000000000000000e+02 3.294622940945386903e-10
8.720000000000000000e+02 3.229604506571911483e-10
8.730000000000000000e+02 3.165867971733384583e-10
8.740000000000000000e+02 3.103394867143958400e-10
8.750000000000000000e+02 3.042148258240473191e-10
8.760000000000000000e+02 2.982114133609248072e-10
8.770000000000000000e+02 2.923260952404931355e-10
8.780000000000000000e+02 2.865574330262766345e-10
8.790000000000000000e+02 2.809023176816639755e-10
8.800000000000000000e+02 2.753588109242323609e-10
8.810000000000000000e+02 2.699244643219108047e-10
8.820000000000000000e+02 2.645975140500921408e-10
8.830000000000000000e+02 2.593760523799468117e-10
8.840000000000000000e+02 2.542575082071922438e-10
8.850000000000000000e+02 2.492395074708378899e-10
8.860000000000000000e+02 2.443207738497943246e-10
8.870000000000000000e+02 2.394993104642525105e-10
8.880000000000000000e+02 2.347728195640267099e-10
8.890000000000000000e+02 2.301397094239250488e-10
8.900000000000000000e+02 2.255977891276835848e-10
8.910000000000000000e+02 2.211456194118915014e-10
8.920000000000000000e+02 2.167813730257728647e-10
8.930000000000000000e+02 2.125034582948448933e-10
8.940000000000000000e+02 2.083094870991401267e-10
8.950000000000000000e+02 2.041987913573430941e-10
8.960000000000000000e+02 2.001688277331077850e-10
8.970000000000000000e+02 1.962184999411823746e-10
8.980000000000000000e+02 1.923465403150740061e-10
8.990000000000000000e+02 1.885506506476473013e-10
9.000000000000000000e+02 1.848292645725140728e-10
9.010000000000000000e+02 1.811816113780286946e-10
9.020000000000000000e+02 1.776061438474187730e-10
9.030000000000000000e+02 1.741013255043345858e-10
9.040000000000000000e+02 1.706653518052397261e-10
9.050000000000000000e+02 1.672972358705133156e-10
9.060000000000000000e+02 1.639956478849681515e-10
9.070000000000000000e+02 1.607592110192509091e-10
9.080000000000000000e+02 1.575868395673768949e-10
9.090000000000000000e+02 1.544767214785197514e-10
9.100000000000000000e+02 1.514284922711011783e-10
9.110000000000000000e+02 1.484397759199454150e-10
9.120000000000000000e+02 1.455103217696704358e-10
9.130000000000000000e+02 1.426389173236212053e-10
9.140000000000000000e+02 1.398237482573536022e-10
9.150000000000000000e+02 1.370642594354125967e-10
9.160000000000000000e+02 1.343595774135807646e-10
9.170000000000000000e+02 1.317081132161859985e-10
9.180000000000000000e+02 1.291085894898708735e-10
9.190000000000000000e+02 1.265608424531813499e-10
9.200000000000000000e+02 1.240630727557216672e-10
9.210000000000000000e+02 1.216147063973530576e-10
9.220000000000000000e+02 1.192149021142932452e-10
9.230000000000000000e+02 1.168619957067845703e-10
9.240000000000000000e+02 1.145561040795125066e-10
9.250000000000000000e+02 1.122950473429839202e-10
9.260000000000000000e+02 1.100792095679639981e-10
9.270000000000000000e+02 1.079065314495188441e-10
9.280000000000000000e+02 1.057772077681291762e-10
9.290000000000000000e+02 1.036894592008135102e-10
9.300000000000000000e+02 1.016433797882843212e-10
9.310000000000000000e+02 9.963775498163104012e-11
9.320000000000000000e+02 9.767057951608840335e-11
9.330000000000000000e+02 9.574384077389121138e-11
9.340000000000000000e+02 9.385418580770307782e-11
9.350000000000000000e+02 9.200217762192194937e-11
9.360000000000000000e+02 9.018648161274469376e-11
9.370000000000000000e+02 8.840654328074927091e-11
9.380000000000000000e+02 8.666168919068305805e-11
9.390000000000000000e+02 8.495180421019862236e-11
9.400000000000000000e+02 8.327497797538172678e-11
9.410000000000000000e+02 8.163193749951487532e-11
9.420000000000000000e+02 8.002066738480289831e-11
9.430000000000000000e+02 7.844174922367286647e-11
9.440000000000000000e+02 7.689362254487100636e-11
9.450000000000000000e+02 7.537620131943276370e-11
9.460000000000000000e+02 7.388845107113446350e-11
9.470000000000000000e+02 7.243034366250368659e-11
9.480000000000000000e+02 7.100111709063780405e-11
9.490000000000000000e+02 6.959992326871451870e-11
9.500000000000000000e+02 6.822616415960795216e-11
9.510000000000000000e+02 6.687992746716089689e-11
9.520000000000000000e+02 6.556027663865572913e-11
9.530000000000000000e+02 6.426622010336373040e-11
9.540000000000000000e+02 6.299808680914931185e-11
9.550000000000000000e+02 6.175470366820716241e-11
9.560000000000000000e+02 6.053576009423562084e-11
9.570000000000000000e+02 5.934152690534490317e-11
9.580000000000000000e+02 5.817028926325265650e-11
9.590000000000000000e+02 5.702248248466504949e-11
9.600000000000000000e+02 5.589681960198506695e-11
9.610000000000000000e+02 5.479380083558283719e-11
9.620000000000000000e+02 5.371258475037324146e-11
9.630000000000000000e+02 5.265265786036129172e-11
9.640000000000000000e+02 5.161327154942267957e-11
9.650000000000000000e+02 5.059480800527263000e-11
9.660000000000000000e+02 4.959672306542419987e-11
9.670000000000000000e+02 4.861796038187260304e-11
9.680000000000000000e+02 4.765825453565925596e-11
9.690000000000000000e+02 4.671747155953600037e-11
9.700000000000000000e+02 4.579593431235685210e-11
9.710000000000000000e+02 4.489211655476122090e-11
9.720000000000000000e+02 4.400604467967822056e-11
9.730000000000000000e+02 4.313757531338498286e-11
9.740000000000000000e+02 4.228607134506589243e-11
9.750000000000000000e+02 4.145178561822347360e-11
9.760000000000000000e+02 4.063342904295921949e-11
9.770000000000000000e+02 3.983218493225271318e-11
9.780000000000000000e+02 3.904601938939067812e-11
9.790000000000000000e+02 3.827511825129066064e-11
9.800000000000000000e+02 3.751984351907605175e-11
9.810000000000000000e+02 3.677956648431587340e-11
9.820000000000000000e+02 3.605353771591075220e-11
9.830000000000000000e+02 3.534231953147830219e-11
9.840000000000000000e+02 3.464471396553745525e-11
9.850000000000000000e+02 3.396091221792888269e-11
9.860000000000000000e+02 3.329088869168706889e-11
9.870000000000000000e+02 3.263393635427706711e-11
9.880000000000000000e+02 3.198967848621212320e-11
9.890000000000000000e+02 3.135845577819206417e-11
9.900000000000000000e+02 3.073971823397867395e-11
9.910000000000000000e+02 3.013273534233860878e-11
9.920000000000000000e+02 2.953847443270031760e-11
9.930000000000000000e+02 2.895546181026481715e-11
9.940000000000000000e+02 2.838410530112708005e-11
9.950000000000000000e+02 2.782363351864071974e-11
9.960000000000000000e+02 2.727455581750947128e-11
9.970000000000000000e+02 2.673654179874390374e-11
9.980000000000000000e+02 2.620924147716335998e-11
9.990000000000000000e+02 2.569173171583604829e-11
1.000000000000000000e+03 2.518438540392508071e-11
1.001000000000000000e+03 2.468786751254023022e-11
1.002000000000000000e+03 2.420020230842289738e-11
1.003000000000000000e+03 2.372307247142115827e-11
1.004000000000000000e+03 2.325455549387370010e-11
1.005000000000000000e+03 2.279576303094659246e-11
1.006000000000000000e+03 2.234576140898072081e-11
1.007000000000000000e+03 2.190499483186484007e-11
1.008000000000000000e+03 2.147255075047796686e-11
1.009000000000000000e+03 2.104889639336697160e-11
1.010000000000000000e+03 2.063349558722624316e-11
1.011000000000000000e+03 2.022653125090744961e-11
1.012000000000000000e+03 1.982714934662142442e-11
1.013000000000000000e+03 1.943596622669308995e-11
1.014000000000000000e+03 1.905229391249659639e-11
1.015000000000000000e+03 1.867645191789081880e-11
1.016000000000000000e+03 1.830761277705551653e-11
1.017000000000000000e+03 1.794654076257544107e-11
1.018000000000000000e+03 1.759227394577835124e-11
1.019000000000000000e+03 1.724509407984467518e-11
1.020000000000000000e+03 1.690478053558296864e-11
1.021000000000000000e+03 1.657148120181838802e-11
1.022000000000000000e+03 1.624419253478265749e-11
1.023000000000000000e+03 1.592374685822381478e-11
1.024000000000000000e+03 1.560949818149616624e-11
1.025000000000000000e+03 1.530133199433572701e-11
1.026000000000000000e+03 1.499899208914623329e-11
1.027000000000000000e+03 1.470351682668200243e-11
1.028000000000000000e+03 1.441320403691920968e-11
1.029000000000000000e+03 1.412887077773208770e-11
1.030000000000000000e+03 1.384977285192047982e-11
1.031000000000000000e+03 1.357665830176847646e-11
1.032000000000000000e+03 1.330886279206507762e-11
1.033000000000000000e+03 1.304594710801970436e-11
1.034000000000000000e+03 1.278889210071395587e-11
1.035000000000000000e+03 1.253613793417044128e-11
1.036000000000000000e+03 1.228905293375868158e-11
1.037000000000000000e+03 1.204642101550719700e-11
1.038000000000000000e+03 1.180880618125994521e-11
1.039000000000000000e+03 1.157519729885064895e-11
1.040000000000000000e+03 1.134722572606021155e-11
1.041000000000000000e+03 1.112333779967972003e-11
1.042000000000000000e+03 1.090342937638724708e-11
1.043000000000000000e+03 1.068835192619415324e-11
1.044000000000000000e+03 1.047749482097243617e-11
1.045000000000000000e+03 1.027067450925666205e-11
1.046000000000000000e+03 1.006822237140454420e-11
1.047000000000000000e+03 9.869474236987351153e-12
1.048000000000000000e+03 9.674587366629470168e-12
1.049000000000000000e+03 9.483730292232805342e-12
1.050000000000000000e+03 9.296439875581737633e-12
1.051000000000000000e+03 9.113130342949389294e-12
1.052000000000000000e+03 8.933230423432070805e-12
1.053000000000000000e+03 8.756946120183733963e-12
1.054000000000000000e+03 8.584294221141179000e-12
1.055000000000000000e+03 8.414844271560223305e-12
1.056000000000000000e+03 8.248751752394505884e-12
1.057000000000000000e+03 8.085699511474725676e-12
1.058000000000000000e+03 7.926423762874383456e-12
1.059000000000000000e+03 7.769609149529313192e-12
1.060000000000000000e+03 7.616344973573681607e-12
1.061000000000000000e+03 7.466474836556011384e-12
1.062000000000000000e+03 7.319038489674371687e-12
1.063000000000000000e+03 7.174439566489570877e-12
1.064000000000000000e+03 7.032977903203898903e-12
1.065000000000000000e+03 6.894057944834712506e-12
1.066000000000000000e+03 6.757847839531094224e-12
1.067000000000000000e+03 6.624704110802529039e-12
1.068000000000000000e+03 6.494123561891520040e-12
1.069000000000000000e+03 6.365726226189281773e-12
1.070000000000000000e+03 6.240292596139010238e-12
1.071000000000000000e+03 6.117171690633322234e-12
1.072000000000000000e+03 5.996473344957650884e-12
1.073000000000000000e+03 5.877944114639988385e-12
1.074000000000000000e+03 5.761825213517920424e-12
1.075000000000000000e+03 5.648469327766735454e-12
1.076000000000000000e+03 5.536749373365885568e-12
1.077000000000000000e+03 5.427460035291110706e-12
1.078000000000000000e+03 5.320530976239186337e-12
1.079000000000000000e+03 5.215525463583259956e-12
1.080000000000000000e+03 5.112308361242778282e-12
1.081000000000000000e+03 5.011496306399706655e-12
1.082000000000000000e+03 4.912756448141890347e-12
1.083000000000000000e+03 4.816015332615006582e-12
1.084000000000000000e+03 4.720555825575772076e-12
1.085000000000000000e+03 4.627578693504884949e-12
1.086000000000000000e+03 4.536495600213235884e-12
1.087000000000000000e+03 4.446968930736623330e-12
1.088000000000000000e+03 4.358945724788086340e-12
1.089000000000000000e+03 4.273020252687350317e-12
1.090000000000000000e+03 4.188777184590402133e-12
1.091000000000000000e+03 4.105816850669931243e-12
1.092000000000000000e+03 4.025017274271794891e-12
1.093000000000000000e+03 3.945627422875918275e-12
1.094000000000000000e+03 3.867508983851153410e-12
1.095000000000000000e+03 3.791261258496971371e-12
1.096000000000000000e+03 3.716299965874080024e-12
1.097000000000000000e+03 3.643302902302282846e-12
1.098000000000000000e+03 3.571120386155615072e-12
1.099000000000000000e+03 3.501013427391946829e-12
1.100000000000000000e+03 3.431565729820179383e-12
1.101000000000000000e+03 3.363775328488053590e-12
1.102000000000000000e+03 3.297888629469708214e-12
1.103000000000000000e+03 3.232360007918432156e-12
1.104000000000000000e+03 3.168859333855950233e-12
1.105000000000000000e+03 3.106032886517115051e-12
1.106000000000000000e+03 3.044794603547790798e-12
1.107000000000000000e+03 2.984994422056691367e-12
1.108000000000000000e+03 2.926042829813972996e-12
1.109000000000000000e+03 2.867908021334201002e-12
1.110000000000000000e+03 2.811726555982770586e-12
1.111000000000000000e+03 2.756078710521907596e-12
1.112000000000000000e+03 2.701247272383012253e-12
1.113000000000000000e+03 2.648582222123541702e-12
1.114000000000000000e+03 2.596237378446122432e-12
1.115000000000000000e+03 2.544795008129723479e-12
1.116000000000000000e+03 2.495179026367792135e-12
1.117000000000000000e+03 2.445376624692342831e-12
1.118000000000000000e+03 2.397174188191126736e-12
1.119000000000000000e+03 2.349740661239920817e-12
1.120000000000000000e+03 2.303457560226402168e-12
1.121000000000000000e+03 2.258038030869157053e-12
1.122000000000000000e+03 2.213515479082300968e-12
1.123000000000000000e+03 2.169911340869098511e-12
1.124000000000000000e+03 2.126905080676235195e-12
1.125000000000000000e+03 2.084905040726242498e-12
1.126000000000000000e+03 2.043758399563104903e-12
1.127000000000000000e+03 2.003542788578514834e-12
1.128000000000000000e+03 1.963903077001627944e-12
1.129000000000000000e+03 1.925314866332938048e-12
1.130000000000000000e+03 1.887304875176404175e-12
1.131000000000000000e+03 1.849996759830423351e-12
1.132000000000000000e+03 1.813454821437505435e-12
1.133000000000000000e+03 1.777716534433177031e-12
1.134000000000000000e+03 1.742593499333179689e-12
1.135000000000000000e+03 1.708160875256245614e-12
1.136000000000000000e+03 1.674565365930642684e-12
1.137000000000000000e+03 1.641368178522136724e-12
1.138000000000000000e+03 1.609102868911283579e-12
1.139000000000000000e+03 1.577351235297106802e-12
1.140000000000000000e+03 1.545918304276509195e-12
1.141000000000000000e+03 1.515840794068188053e-12
1.142000000000000000e+03 1.485820017976485996e-12
1.143000000000000000e+03 1.456366852999397071e-12
1.144000000000000000e+03 1.427799468509671853e-12
1.145000000000000000e+03 1.399561589652244238e-12
1.146000000000000000e+03 1.371761538701692776e-12
1.147000000000000000e+03 1.345047034673485997e-12
1.148000000000000000e+03 1.318550997098170886e-12
1.149000000000000000e+03 1.292030427262404348e-12
1.150000000000000000e+03 1.266739350906202959e-12
1.151000000000000000e+03 1.241917797711831790e-12
1.152000000000000000e+03 1.217408431983915254e-12
1.153000000000000000e+03 1.193274529546373479e-12
1.154000000000000000e+03 1.169544824505241628e-12
1.155000000000000000e+03 1.146852703118730866e-12
1.156000000000000000e+03 1.123827208510411248e-12
1.157000000000000000e+03 1.101833832607895081e-12
1.158000000000000000e+03 1.079759218848787487e-12
1.159000000000000000e+03 1.058953116018311989e-12
1.160000000000000000e+03 1.037746339885050898e-12
1.161000000000000000e+03 1.017484237418155411e-12
1.162000000000000000e+03 9.970819600967020068e-13
1.163000000000000000e+03 9.778126265130908039e-13
1.164000000000000000e+03 9.580409266731318777e-13
1.165000000000000000e+03 9.395492665606475485e-13
1.166000000000000000e+03 9.207782031791982158e-13
1.167000000000000000e+03 9.027680347158518031e-13
1.168000000000000000e+03 8.847904829567425832e-13
1.169000000000000000e+03 8.673542977058687873e-13
1.170000000000000000e+03 8.503183258853299335e-13
1.171000000000000000e+03 8.333314684362853753e-13
1.172000000000000000e+03 8.172015652247047506e-13
1.173000000000000000e+03 8.008538342572832299e-13
1.174000000000000000e+03 7.850495143113984084e-13
1.175000000000000000e+03 7.698487955889277236e-13
1.176000000000000000e+03 7.544566713721546595e-13
1.177000000000000000e+03 7.397214138701177631e-13
1.178000000000000000e+03 7.249598841704047784e-13
1.179000000000000000e+03 7.105688735890445737e-13
1.180000000000000000e+03 6.966519492825015778e-13
1.181000000000000000e+03 6.828427016255629705e-13
1.182000000000000000e+03 6.693970544923728407e-13
1.183000000000000000e+03 6.561631033848879680e-13
1.184000000000000000e+03 6.433606433488212047e-13
1.185000000000000000e+03 6.304645563073796231e-13
1.186000000000000000e+03 6.181086449131982030e-13
1.187000000000000000e+03 6.062377129386491148e-13
1.188000000000000000e+03 5.938397489212549811e-13
1.189000000000000000e+03 5.820829381903620504e-13
1.190000000000000000e+03 5.707748654227871387e-13
1.191000000000000000e+03 5.596743106132426672e-13
1.192000000000000000e+03 5.484477216457001706e-13
1.193000000000000000e+03 5.376105922633845890e-13
1.194000000000000000e+03 5.269675899404386211e-13
1.195000000000000000e+03 5.165361169769034395e-13
1.196000000000000000e+03 5.064711825688322895e-13
1.197000000000000000e+03 4.963972206128761659e-13
1.198000000000000000e+03 4.866118775134008681e-13
1.199000000000000000e+03 4.771412591480632660e-13
1.200000000000000000e+03 4.675141050868676776e-13
1.201000000000000000e+03 4.583725984411009723e-13
1.202000000000000000e+03 4.491997972875151111e-13
1.203000000000000000e+03 4.405713300644690556e-13
1.204000000000000000e+03 4.317993524599970909e-13
1.205000000000000000e+03 4.233930575169458776e-13
1.206000000000000000e+03 4.149330503921923835e-13
1.207000000000000000e+03 4.069520833425120783e-13
1.208000000000000000e+03 3.985973052842554751e-13
1.209000000000000000e+03 3.909255224861073658e-13
1.210000000000000000e+03 3.831387126785478593e-13
1.211000000000000000e+03 3.754385288655652727e-13
1.212000000000000000e+03 3.680112595583545833e-13
1.213000000000000000e+03 3.609559050814695231e-13
1.214000000000000000e+03 3.537529868147061971e-13
1.215000000000000000e+03 3.467258836038986635e-13
1.216000000000000000e+03 3.397941891258921091e-13
1.217000000000000000e+03 3.331350560520372676e-13
1.218000000000000000e+03 3.264666146687433524e-13
1.219000000000000000e+03 3.200890925545253321e-13
1.220000000000000000e+03 3.139983111445104900e-13
1.221000000000000000e+03 3.077984068820383360e-13
1.222000000000000000e+03 3.015379716891891387e-13
1.223000000000000000e+03 2.955809349187612140e-13
1.224000000000000000e+03 2.898824455973869511e-13
1.225000000000000000e+03 2.840652535902631507e-13
1.226000000000000000e+03 2.786338920487301734e-13
1.227000000000000000e+03 2.727712153657808143e-13
1.228000000000000000e+03 2.675981051674819076e-13
1.229000000000000000e+03 2.624784575296110732e-13
1.230000000000000000e+03 2.570966396302831173e-13
1.231000000000000000e+03 2.520606796599652727e-13
1.232000000000000000e+03 2.474895541652611904e-13
1.233000000000000000e+03 2.422633632385751923e-13
1.234000000000000000e+03 2.373246307819344586e-13
1.235000000000000000e+03 2.327501999675858262e-13
1.236000000000000000e+03 2.280015409489773418e-13
1.237000000000000000e+03 2.238246937442795926e-13
1.238000000000000000e+03 2.193314103368263364e-13
1.239000000000000000e+03 2.149015180564508258e-13
1.240000000000000000e+03 2.105465476281505199e-13
1.241000000000000000e+03 2.064816071185110048e-13
1.242000000000000000e+03 2.025990507866157409e-13
1.243000000000000000e+03 1.984854455836382246e-13
1.244000000000000000e+03 1.945282637910459576e-13
1.245000000000000000e+03 1.909619911397897647e-13
1.246000000000000000e+03 1.869956282169737463e-13
1.247000000000000000e+03 1.831343739462083759e-13
1.248000000000000000e+03 1.796050522865672279e-13
1.249000000000000000e+03 1.761989198587229525e-13
1.250000000000000000e+03 1.725911965507916570e-13
1.251000000000000000e+03 1.692076663598589040e-13
1.252000000000000000e+03 1.657115656838517274e-13
1.253000000000000000e+03 1.625516594173302486e-13
1.254000000000000000e+03 1.591836209020445109e-13
1.255000000000000000e+03 1.561483811322058968e-13
1.256000000000000000e+03 1.529630258372277630e-13
1.257000000000000000e+03 1.504108724960922896e-13
1.258000000000000000e+03 1.471092161818071254e-13
1.259000000000000000e+03 1.444061821727144747e-13
1.260000000000000000e+03 1.415678060252311547e-13
1.261000000000000000e+03 1.386455873653034745e-13
1.262000000000000000e+03 1.360177383185841406e-13
1.263000000000000000e+03 1.332793729032927658e-13
1.264000000000000000e+03 1.306336724525983194e-13
1.265000000000000000e+03 1.279993734828362796e-13
1.266000000000000000e+03 1.251699468069622039e-13
1.267000000000000000e+03 1.229680239722657280e-13
1.268000000000000000e+03 1.204461616561888746e-13
1.269000000000000000e+03 1.184521967551870950e-13
1.270000000000000000e+03 1.158176836520322362e-13
1.271000000000000000e+03 1.135912326719366779e-13
1.272000000000000000e+03 1.115489149846784042e-13
1.273000000000000000e+03 1.091669663104474061e-13
1.274000000000000000e+03 1.070184121536542923e-13
1.275000000000000000e+03 1.050229583790911226e-13
1.276000000000000000e+03 1.027888782205927941e-13
1.277000000000000000e+03 1.007244389134657843e-13
1.278000000000000000e+03 9.874767637725317443e-14
1.279000000000000000e+03 9.694091418154068730e-14
1.280000000000000000e+03 9.479301040001483687e-14
1.281000000000000000e+03 9.303670407630252746e-14
1.282000000000000000e+03 9.112580594554082635e-14
1.283000000000000000e+03 8.940880304084166599e-14
1.284000000000000000e+03 8.777149228733528691e-14
1.285000000000000000e+03 8.589071595516403440e-14
1.286000000000000000e+03 8.417991931320787873e-14
1.287000000000000000e+03 8.286302881226343957e-14
1.288000000000000000e+03 8.113889499837096954e-14
1.289000000000000000e+03 7.933249367389186299e-14
1.290000000000000000e+03 7.778363873093528981e-14
1.291000000000000000e+03 7.626540377904615084e-14
1.292000000000000000e+03 7.464887432386611586e-14
1.293000000000000000e+03 7.330951814662624902e-14
1.294000000000000000e+03 7.182146795551846018e-14
1.295000000000000000e+03 7.046954958759402699e-14
1.296000000000000000e+03 6.898817591979935630e-14
1.297000000000000000e+03 6.776683305610427373e-14
1.298000000000000000e+03 6.636545049443802019e-14
1.299000000000000000e+03 6.517539942686203406e-14
1.300000000000000000e+03 6.363580206454810102e-14
1.301000000000000000e+03 6.245513601647260033e-14
1.302000000000000000e+03 6.133084699564241558e-14
1.303000000000000000e+03 5.994297333399089234e-14
1.304000000000000000e+03 5.887314779715266708e-14
1.305000000000000000e+03 5.777946026493173148e-14
1.306000000000000000e+03 5.666083955899616700e-14
1.307000000000000000e+03 5.546521542077721975e-14
1.308000000000000000e+03 5.427661267304125693e-14
1.309000000000000000e+03 5.325335156984840101e-14
1.310000000000000000e+03 5.224912773174548006e-14
1.311000000000000000e+03 5.124778398938734453e-14
1.312000000000000000e+03 5.016819926210579312e-14
1.313000000000000000e+03 4.927891054787260759e-14
1.314000000000000000e+03 4.820732766729126658e-14
1.315000000000000000e+03 4.725002511870949538e-14
1.316000000000000000e+03 4.633849891936427918e-14
1.317000000000000000e+03 4.566922873385977750e-14
1.318000000000000000e+03 4.471477013607942660e-14
1.319000000000000000e+03 4.368809639073308994e-14
1.320000000000000000e+03 4.292054974162678945e-14
1.321000000000000000e+03 4.197173657001089707e-14
1.322000000000000000e+03 4.110876290070808127e-14
1.323000000000000000e+03 4.045512358128588379e-14
1.324000000000000000e+03 3.954437816488788491e-14
1.325000000000000000e+03 3.868853395088039800e-14
1.326000000000000000e+03 3.793795652503416548e-14
1.327000000000000000e+03 3.720994891048840401e-14
1.328000000000000000e+03 3.667622055951687644e-14
1.329000000000000000e+03 3.576596866460995039e-14
1.330000000000000000e+03 3.507175351686731556e-14
1.331000000000000000e+03 3.439950061179642921e-14
1.332000000000000000e+03 3.385834708939443227e-14
1.333000000000000000e+03 3.305303008982828449e-14
1.334000000000000000e+03 3.235172941599315786e-14
1.335000000000000000e+03 3.179096937396529776e-14
1.336000000000000000e+03 3.119988993665735637e-14
1.337000000000000000e+03 3.051989766611076429e-14
1.338000000000000000e+03 2.983748213120620565e-14
1.339000000000000000e+03 2.939235150662194867e-14
1.340000000000000000e+03 2.886972085442247958e-14
1.341000000000000000e+03 2.816251688748909962e-14
1.342000000000000000e+03 2.776985529414404769e-14
1.343000000000000000e+03 2.702167898082272069e-14
1.344000000000000000e+03 2.656052234110502364e-14
1.345000000000000000e+03 2.612482920663829123e-14
1.346000000000000000e+03 2.552116878651809175e-14
1.347000000000000000e+03 2.495782041437391943e-14
1.348000000000000000e+03 2.468246300884020584e-14
1.349000000000000000e+03 2.412150955766358515e-14
1.350000000000000000e+03 2.360030178993935809e-14
1.351000000000000000e+03 2.324365964264579015e-14
1.352000000000000000e+03 2.268729143924824479e-14
1.353000000000000000e+03 2.230757986849436461e-14
1.354000000000000000e+03 2.181714528354101831e-14
1.355000000000000000e+03 2.152654814933659228e-14
1.356000000000000000e+03 2.093092364566076790e-14
1.357000000000000000e+03 2.057465188672312348e-14
1.358000000000000000e+03 2.024375212232054840e-14
1.359000000000000000e+03 1.982486868037631670e-14
1.360000000000000000e+03 1.940854624195688552e-14
1.361000000000000000e+03 1.885297301082837278e-14
1.362000000000000000e+03 1.855567982765121264e-14
1.363000000000000000e+03 1.819972930218823284e-14
1.364000000000000000e+03 1.800908516695110251e-14
1.365000000000000000e+03 1.766685922837165958e-14
1.366000000000000000e+03 1.729280146008879913e-14
1.367000000000000000e+03 1.686020300715382769e-14
1.368000000000000000e+03 1.658319861922266791e-14
1.369000000000000000e+03 1.621115547129423967e-14
1.370000000000000000e+03 1.590328984592167091e-14
1.371000000000000000e+03 1.556277326654412941e-14
1.372000000000000000e+03 1.544366252559460323e-14
1.373000000000000000e+03 1.502980515653680641e-14
1.374000000000000000e+03 1.485044708930444663e-14
1.375000000000000000e+03 1.451282931162957179e-14
1.376000000000000000e+03 1.432255907211709513e-14
1.377000000000000000e+03 1.397370595064334719e-14
1.378000000000000000e+03 1.369647396805220772e-14
1.379000000000000000e+03 1.345964302764886928e-14
1.380000000000000000e+03 1.314137571646419107e-14
1.381000000000000000e+03 1.279760717846167215e-14
1.382000000000000000e+03 1.256425908445434307e-14
1.383000000000000000e+03 1.221944288573469524e-14
1.384000000000000000e+03 1.206611841605463447e-14
1.385000000000000000e+03 1.197445332519340557e-14
1.386000000000000000e+03 1.164642032712033462e-14
1.387000000000000000e+03 1.147918224576583414e-14
1.388000000000000000e+03 1.117728966141157182e-14
1.389000000000000000e+03 1.097674870657625785e-14
1.390000000000000000e+03 1.086341113561699429e-14
1.391000000000000000e+03 1.051265281648942977e-14
1.392000000000000000e+03 1.048308721456384849e-14
1.393000000000000000e+03 1.031221198244367654e-14
1.394000000000000000e+03 1.004637340851261082e-14
1.395000000000000000e+03 9.715189426445154628e-15
1.396000000000000000e+03 9.696761195977203810e-15
1.397000000000000000e+03 9.593434093947150957e-15
1.398000000000000000e+03 9.351747747766897447e-15
1.399000000000000000e+03 9.119204278491277853e-15
1.400000000000000000e+03 9.069446734805670900e-15
1.401000000000000000e+03 8.802101398777006587e-15
1.402000000000000000e+03 8.717260273199057300e-15
1.403000000000000000e+03 8.513880802014039263e-15
1.404000000000000000e+03 8.305216699951347290e-15
1.405000000000000000e+03 8.225318808716244375e-15
1.406000000000000000e+03 8.101533653807785697e-15
1.407000000000000000e+03 7.879377112271676815e-15
1.408000000000000000e+03 7.649700856524612817e-15
1.409000000000000000e+03 7.448568457871099244e-15
1.410000000000000000e+03 7.339225900677903568e-15
1.411000000000000000e+03 7.254937238704518434e-15
1.412000000000000000e+03 7.241290192623340117e-15
1.413000000000000000e+03 7.011790428330709004e-15
1.414000000000000000e+03 6.854676532356177071e-15
1.415000000000000000e+03 6.803385846633160841e-15
1.416000000000000000e+03 6.623607218790788320e-15
1.417000000000000000e+03 6.434377406629831513e-15
1.418000000000000000e+03 6.349284804754060408e-15
1.419000000000000000e+03 6.247523340600381909e-15
1.420000000000000000e+03 6.234050549756426869e-15
1.421000000000000000e+03 6.193127387767597193e-15
1.422000000000000000e+03 6.169741248187882093e-15
1.423000000000000000e+03 5.843002234346831136e-15
1.424000000000000000e+03 5.858702212012507942e-15
1.425000000000000000e+03 5.676797552397498090e-15
1.426000000000000000e+03 5.471963612929079211e-15
1.427000000000000000e+03 5.480311427997813280e-15
1.428000000000000000e+03 5.377070370262105700e-15
1.429000000000000000e+03 5.242077101282537854e-15
1.430000000000000000e+03 5.240157822394245636e-15
1.431000000000000000e+03 5.141832979366143586e-15
1.432000000000000000e+03 5.174516302414454142e-15
1.433000000000000000e+03 4.898691081950409416e-15
1.434000000000000000e+03 4.903904618544413408e-15
1.435000000000000000e+03 4.820505591258154174e-15
1.436000000000000000e+03 4.556811537203660559e-15
1.437000000000000000e+03 4.728780323756932941e-15
1.438000000000000000e+03 4.480475714234639821e-15
1.439000000000000000e+03 4.466041453367787648e-15
1.440000000000000000e+03 4.529993509463082566e-15
1.441000000000000000e+03 4.279997110239184852e-15
1.442000000000000000e+03 4.397269314531997110e-15
1.443000000000000000e+03 4.185248697617659152e-15
1.444000000000000000e+03 4.208208627926083152e-15
1.445000000000000000e+03 4.087840070946008078e-15
1.446000000000000000e+03 3.961419414838764418e-15
1.447000000000000000e+03 4.049523414259111063e-15
1.448000000000000000e+03 3.920869767168372925e-15
1.449000000000000000e+03 3.794594996942164391e-15
1.450000000000000000e+03 3.890950192501277376e-15
1.451000000000000000e+03 3.874929787206713028e-15
1.452000000000000000e+03 3.685180195458331759e-15
1.453000000000000000e+03 3.745342492317756742e-15
1.454000000000000000e+03 3.797498882256770993e-15
1.455000000000000000e+03 3.535612685979587146e-15
1.456000000000000000e+03 3.553577758007059733e-15
1.457000000000000000e+03 3.424458762428294379e-15
1.458000000000000000e+03 3.437230255191978765e-15
1.459000000000000000e+03 3.367451168371734006e-15
1.460000000000000000e+03 3.466817064698500846e-15
1.461000000000000000e+03 3.384088219983478153e-15
1.462000000000000000e+03 3.446815145691556839e-15
1.463000000000000000e+03 3.401307856636753884e-15
1.464000000000000000e+03 3.341923192179921557e-15
1.465000000000000000e+03 3.308867793905319481e-15
1.466000000000000000e+03 3.211489089078080953e-15
1.467000000000000000e+03 2.945170009140562953e-15
1.468000000000000000e+03 3.160163058486220396e-15
1.469000000000000000e+03 2.947637519187477175e-15
1.470000000000000000e+03 3.078588642496236784e-15
1.471000000000000000e+03 3.047722274832371530e-15
1.472000000000000000e+03 2.928513399560927230e-15
1.473000000000000000e+03 2.864076328556113233e-15
1.474000000000000000e+03 2.852025975600918201e-15
1.475000000000000000e+03 2.882718731226637552e-15
1.476000000000000000e+03 2.901776304757610915e-15
1.477000000000000000e+03 2.922656497006948016e-15
1.478000000000000000e+03 2.767217296495578239e-15
1.479000000000000000e+03 2.879252231133649120e-15
1.480000000000000000e+03 2.808945349304103263e-15
1.481000000000000000e+03 2.828156212755506210e-15
1.482000000000000000e+03 2.658006059050431064e-15
1.483000000000000000e+03 2.647624093466563135e-15
1.484000000000000000e+03 2.688928028859209364e-15
1.485000000000000000e+03 2.738912897496131465e-15
1.486000000000000000e+03 2.701786141466075483e-15
1.487000000000000000e+03 2.645403237241821368e-15
1.488000000000000000e+03 2.711797875365060368e-15
1.489000000000000000e+03 2.568919343973404876e-15
1.490000000000000000e+03 2.521581664757787695e-15
1.491000000000000000e+03 2.401213383086741730e-15
1.492000000000000000e+03 2.649709646861558582e-15
1.493000000000000000e+03 2.520445737887752491e-15
1.494000000000000000e+03 2.668359822911896492e-15
1.495000000000000000e+03 2.593735321315849446e-15
1.496000000000000000e+03 2.508588310234651324e-15
1.497000000000000000e+03 2.606808027378363773e-15
1.498000000000000000e+03 2.360966675253369887e-15
1.499000000000000000e+03 2.539344068885546240e-15
1.500000000000000000e+03 2.376411836206886147e-15
1.501000000000000000e+03 2.488299617199408392e-15
1.502000000000000000e+03 2.422970491386272286e-15
1.503000000000000000e+03 2.500392366313171742e-15
1.504000000000000000e+03 2.454909235183121859e-15
1.505000000000000000e+03 2.346810750637594292e-15
1.506000000000000000e+03 2.329298016163164130e-15
1.507000000000000000e+03 2.467118557805632331e-15
1.508000000000000000e+03 2.338492274946728071e-15
1.509000000000000000e+03 2.381624803752539695e-15
1.510000000000000000e+03 2.245895671772338983e-15
1.511000000000000000e+03 2.324530516262278653e-15
1.512000000000000000e+03 2.323216795574067587e-15
1.513000000000000000e+03 2.311485597923017214e-15
1.514000000000000000e+03 2.276401196599558914e-15
1.515000000000000000e+03 2.146338635403386326e-15
1.516000000000000000e+03 2.208244524651226981e-15
1.517000000000000000e+03 2.307164560589278870e-15
1.518000000000000000e+03 2.229827417426132109e-15
1.519000000000000000e+03 2.214349737476462587e-15
1.520000000000000000e+03 2.198712906476681011e-15
1.521000000000000000e+03 2.141803877624116916e-15
1.522000000000000000e+03 2.269523045208299601e-15
1.523000000000000000e+03 2.260849252244952377e-15
1.524000000000000000e+03 2.445066042852795589e-15
1.525000000000000000e+03 2.360573406989461642e-15
1.526000000000000000e+03 2.303168878373952685e-15
1.527000000000000000e+03 2.096053201076971866e-15
1.528000000000000000e+03 2.264873667133765596e-15
1.529000000000000000e+03 2.113597003352313343e-15
1.530000000000000000e+03 2.143897301622621882e-15
1.531000000000000000e+03 2.250025886601082300e-15
1.532000000000000000e+03 2.382178093888993086e-15
1.533000000000000000e+03 2.256584063798121241e-15
1.534000000000000000e+03 2.256292874087612255e-15
1.535000000000000000e+03 2.294880756486669701e-15
1.536000000000000000e+03 2.283783451186787960e-15
1.537000000000000000e+03 2.158000291997477763e-15
1.538000000000000000e+03 2.342375938433414098e-15
1.539000000000000000e+03 2.275631249376306485e-15
1.540000000000000000e+03 2.052429353354519595e-15
1.541000000000000000e+03 2.199763748405697308e-15
1.542000000000000000e+03 2.133219640597631996e-15
1.543000000000000000e+03 2.148401265712691782e-15
1.544000000000000000e+03 2.146272234682226374e-15
1.545000000000000000e+03 1.985913885234353664e-15
1.546000000000000000e+03 2.131700625780834831e-15
1.547000000000000000e+03 2.106411376452180508e-15
1.548000000000000000e+03 2.114933271769144073e-15
1.549000000000000000e+03 2.111602354908694287e-15
1.550000000000000000e+03 2.234886623727147026e-15
1.551000000000000000e+03 2.203004990673742031e-15
1.552000000000000000e+03 2.212246216992859365e-15
1.553000000000000000e+03 2.129659424545971583e-15
1.554000000000000000e+03 1.921436346923939240e-15
1.555000000000000000e+03 2.101656450017037192e-15
1.556000000000000000e+03 2.178362128517471782e-15
1.557000000000000000e+03 2.171192786989917387e-15
1.558000000000000000e+03 1.938439025498601288e-15
1.559000000000000000e+03 2.023740799000528891e-15
1.560000000000000000e+03 1.966560040698010697e-15
1.561000000000000000e+03 1.997969814447238099e-15
1.562000000000000000e+03 1.855082201302825242e-15
1.563000000000000000e+03 1.968841372509865109e-15
1.564000000000000000e+03 2.159514132918167579e-15
1.565000000000000000e+03 2.182086618799657948e-15
1.566000000000000000e+03 2.163364123375934742e-15
1.567000000000000000e+03 2.155668783019845929e-15
1.568000000000000000e+03 1.994490519722400733e-15
1.569000000000000000e+03 1.944182272937113700e-15
1.570000000000000000e+03 2.054752609091655888e-15
1.571000000000000000e+03 1.992436535582005327e-15
1.572000000000000000e+03 2.085966007775837227e-15
1.573000000000000000e+03 1.961829711487837642e-15
1.574000000000000000e+03 1.985840785956985502e-15
1.575000000000000000e+03 2.076535990163253923e-15
1.576000000000000000e+03 1.887665073260982033e-15
1.577000000000000000e+03 2.030085689740554896e-15
1.578000000000000000e+03 1.958136527427716022e-15
1.579000000000000000e+03 2.157711024716857630e-15
1.580000000000000000e+03 1.810978702860574053e-15
1.581000000000000000e+03 1.943572083696659952e-15
1.582000000000000000e+03 2.019812069340388432e-15
1.583000000000000000e+03 1.939600747870294924e-15
1.584000000000000000e+03 2.164454004601964025e-15
1.585000000000000000e+03 2.241506932775257010e-15
1.586000000000000000e+03 2.222181368701047731e-15
1.587000000000000000e+03 2.147132736675715438e-15
1.588000000000000000e+03 1.880092189438834080e-15
1.589000000000000000e+03 2.035163434823719854e-15
1.590000000000000000e+03 1.923686570705585329e-15
1.591000000000000000e+03 2.110072310901395826e-15
1.592000000000000000e+03 1.920476557671114805e-15
1.593000000000000000e+03 1.936512948232548708e-15
1.594000000000000000e+03 2.002769197944199833e-15
1.595000000000000000e+03 2.177092938111097318e-15
1.596000000000000000e+03 1.952037303589347644e-15
1.597000000000000000e+03 1.908401919088305620e-15
1.598000000000000000e+03 1.925048439923279606e-15
1.599000000000000000e+03 2.066350481274742083e-15
1.600000000000000000e+03 1.979281478121340196e-15
1.601000000000000000e+03 1.979215674693008303e-15
1.602000000000000000e+03 1.921257619011581759e-15
1.603000000000000000e+03 1.890301702240085378e-15
1.604000000000000000e+03 1.968696004823449529e-15
1.605000000000000000e+03 2.028792823631809371e-15
1.606000000000000000e+03 1.989269161836191526e-15
1.607000000000000000e+03 1.916286576993672043e-15
1.608000000000000000e+03 1.929313245693622906e-15
1.609000000000000000e+03 1.943039483645298840e-15
1.610000000000000000e+03 2.201561588624193383e-15
1.611000000000000000e+03 2.377843081704147654e-15
1.612000000000000000e+03 2.177711392967704375e-15
1.613000000000000000e+03 1.936895576221074626e-15
1.614000000000000000e+03 1.845869504236728013e-15
1.615000000000000000e+03 2.294512133819676233e-15
1.616000000000000000e+03 2.029445121159146262e-15
1.617000000000000000e+03 1.953441802124053463e-15
1.618000000000000000e+03 2.196649851781406421e-15
1.619000000000000000e+03 1.965230289268842035e-15
1.620000000000000000e+03 1.895240075119392120e-15
1.621000000000000000e+03 1.800427913961029494e-15
1.622000000000000000e+03 1.999243436181179473e-15
1.623000000000000000e+03 2.045138172496036241e-15
1.624000000000000000e+03 1.822834592078968410e-15
1.625000000000000000e+03 1.911873765107301014e-15
1.626000000000000000e+03 2.008300116937040748e-15
1.627000000000000000e+03 1.957158728170459853e-15
1.628000000000000000e+03 1.868489810603512663e-15
1.629000000000000000e+03 2.026973737061784215e-15
1.630000000000000000e+03 2.110791894112725328e-15
1.631000000000000000e+03 1.850608427747105351e-15
1.632000000000000000e+03 1.929712086918346006e-15
1.633000000000000000e+03 1.892560182437439088e-15
1.634000000000000000e+03 1.984621673279134632e-15
1.635000000000000000e+03 1.999515658674311153e-15
1.636000000000000000e+03 1.843248019233323132e-15
1.637000000000000000e+03 2.132357411576259140e-15
1.638000000000000000e+03 2.048906365924744032e-15
1.639000000000000000e+03 2.075744455285562587e-15
1.640000000000000000e+03 1.834049691683311187e-15
1.641000000000000000e+03 1.902599044080222467e-15
1.642000000000000000e+03 2.108920759144914440e-15
1.643000000000000000e+03 2.127407098134200900e-15
1.644000000000000000e+03 1.910942775748622037e-15
1.645000000000000000e+03 2.084803425958514958e-15
1.646000000000000000e+03 2.016852213207214217e-15
1.647000000000000000e+03 1.969765179590696499e-15
1.648000000000000000e+03 1.925960152615612510e-15
1.649000000000000000e+03 1.806781213269888726e-15
1.650000000000000000e+03 1.934157977332629182e-15
1.651000000000000000e+03 2.051904356649802475e-15
1.652000000000000000e+03 1.880668743323276618e-15
1.653000000000000000e+03 2.101534975079813736e-15
1.654000000000000000e+03 1.864746598326963281e-15
1.655000000000000000e+03 1.898241567386429244e-15
1.656000000000000000e+03 2.155785231757765844e-15
1.657000000000000000e+03 1.855524404858915206e-15
1.658000000000000000e+03 2.052744786910855630e-15
1.659000000000000000e+03 1.812752618525478199e-15
1.660000000000000000e+03 1.832757162019814395e-15
1.661000000000000000e+03 1.964753241450063640e-15
1.662000000000000000e+03 2.106169058554931695e-15
1.663000000000000000e+03 1.903459581663276189e-15
1.664000000000000000e+03 2.140253843495052301e-15
1.665000000000000000e+03 2.116473658782939466e-15
1.666000000000000000e+03 1.831692889806099037e-15
1.667000000000000000e+03 2.013021228369719834e-15
1.668000000000000000e+03 2.104966442000320332e-15
1.669000000000000000e+03 2.098231793718974151e-15
1.670000000000000000e+03 1.790676942259211153e-15
1.671000000000000000e+03 1.892932307490274680e-15
1.672000000000000000e+03 1.910345429856750358e-15
1.673000000000000000e+03 1.924882534751351604e-15
1.674000000000000000e+03 1.828073827839515324e-15
1.675000000000000000e+03 1.848732448520961848e-15
1.676000000000000000e+03 1.930532375674658499e-15
1.677000000000000000e+03 1.769374431353476252e-15
1.678000000000000000e+03 1.748128433170512793e-15
1.679000000000000000e+03 1.801158970011043316e-15
1.680000000000000000e+03 1.748272760942673205e-15
1.681000000000000000e+03 1.907504149931797429e-15
1.682000000000000000e+03 1.948703653764930992e-15
1.683000000000000000e+03 1.948283328809810812e-15
1.684000000000000000e+03 1.867187324210997064e-15
1.685000000000000000e+03 2.041191019186210850e-15
1.686000000000000000e+03 2.114010876009722287e-15
1.687000000000000000e+03 1.953756652037429153e-15
1.688000000000000000e+03 1.869520894457446606e-15
1.689000000000000000e+03 2.033538526985386367e-15
1.690000000000000000e+03 1.721504555046925033e-15
1.691000000000000000e+03 1.876839238985826302e-15
1.692000000000000000e+03 1.992963188810471280e-15
1.693000000000000000e+03 1.728259066724450900e-15
1.694000000000000000e+03 1.880052670492692706e-15
1.695000000000000000e+03 1.780572994215007977e-15
1.696000000000000000e+03 2.007348121602647953e-15
1.697000000000000000e+03 1.993195674687942911e-15
1.698000000000000000e+03 1.871499157003865945e-15
1.699000000000000000e+03 2.112269770258731337e-15
1.700000000000000000e+03 1.963870493542208328e-15
1.701000000000000000e+03 1.833125606210056494e-15
1.702000000000000000e+03 1.860508789320299452e-15
1.703000000000000000e+03 1.981741069153158545e-15
1.704000000000000000e+03 1.883965784940442277e-15
1.705000000000000000e+03 1.906302184963993070e-15
1.706000000000000000e+03 1.924322897461829732e-15
1.707000000000000000e+03 1.842556806194254050e-15
1.708000000000000000e+03 1.948913768826164778e-15
1.709000000000000000e+03 1.943591394935720694e-15
1.710000000000000000e+03 2.051695251418244760e-15
1.711000000000000000e+03 2.082680165018321415e-15
1.712000000000000000e+03 1.939981895918033008e-15
1.713000000000000000e+03 1.883830371223131218e-15
1.714000000000000000e+03 1.969283523305414836e-15
1.715000000000000000e+03 1.941598300190889100e-15
1.716000000000000000e+03 1.905070142542134230e-15
1.717000000000000000e+03 2.014525481266765507e-15
1.718000000000000000e+03 2.141497849785379920e-15
1.719000000000000000e+03 2.066196803613204333e-15
1.720000000000000000e+03 2.160005072936560622e-15
1.721000000000000000e+03 2.021993907733560052e-15
1.722000000000000000e+03 2.120564634241509295e-15
1.723000000000000000e+03 2.011010031271595962e-15
1.724000000000000000e+03 1.812987667178470479e-15
1.725000000000000000e+03 1.973439304669667358e-15
1.726000000000000000e+03 2.164868396524462562e-15
1.727000000000000000e+03 2.006117931092679564e-15
1.728000000000000000e+03 1.806385783209517397e-15
1.729000000000000000e+03 1.859837480983092190e-15
1.730000000000000000e+03 1.946048740171808747e-15
1.731000000000000000e+03 2.109721769400342621e-15
1.732000000000000000e+03 1.924600025680932260e-15
1.733000000000000000e+03 1.814626538436462596e-15
1.734000000000000000e+03 1.880260349789496653e-15
1.735000000000000000e+03 1.941005216399976887e-15
1.736000000000000000e+03 1.992599061115556060e-15
1.737000000000000000e+03 1.984713362077675865e-15
1.738000000000000000e+03 2.012426749434639598e-15
1.739000000000000000e+03 1.946692240339321494e-15
1.740000000000000000e+03 2.072162535483846325e-15
1.741000000000000000e+03 1.872121731125890113e-15
1.742000000000000000e+03 1.970145344948497959e-15
1.743000000000000000e+03 2.379092994353447259e-15
1.744000000000000000e+03 1.862135262312720069e-15
1.745000000000000000e+03 1.893316619578969932e-15
1.746000000000000000e+03 2.043404548452007598e-15
1.747000000000000000e+03 2.008303709827331006e-15
1.748000000000000000e+03 2.124528545784080504e-15
1.749000000000000000e+03 1.886421797848648580e-15
1.750000000000000000e+03 1.826433560230429948e-15
1.751000000000000000e+03 2.035402608818283430e-15
1.752000000000000000e+03 2.129861734752244373e-15
1.753000000000000000e+03 1.988744239656719756e-15
1.754000000000000000e+03 2.071731984403723983e-15
1.755000000000000000e+03 1.886914554218055922e-15
1.756000000000000000e+03 1.833719450407570357e-15
1.757000000000000000e+03 1.722747393886565544e-15
1.758000000000000000e+03 2.065632498456367181e-15
1.759000000000000000e+03 2.288027184932457670e-15
1.760000000000000000e+03 2.328505799100238674e-15
1.761000000000000000e+03 2.205745891374352235e-15
1.762000000000000000e+03 1.925099046181578581e-15
1.763000000000000000e+03 2.098657258060284285e-15
1.764000000000000000e+03 2.021074330976338366e-15
1.765000000000000000e+03 1.917621140069151527e-15
1.766000000000000000e+03 2.020301253171329193e-15
1.767000000000000000e+03 2.070628326731555001e-15
1.768000000000000000e+03 1.972326481268409929e-15
1.769000000000000000e+03 1.980730313455218738e-15
1.770000000000000000e+03 1.958098337863284164e-15
1.771000000000000000e+03 1.964970963085136672e-15
1.772000000000000000e+03 2.053949630660082759e-15
1.773000000000000000e+03 1.846756415705940098e-15
1.774000000000000000e+03 1.825400003368815153e-15
1.775000000000000000e+03 1.906106664654334496e-15
1.776000000000000000e+03 1.859879613281405215e-15
1.777000000000000000e+03 1.992705307048396901e-15
1.778000000000000000e+03 1.957374372500844175e-15
1.779000000000000000e+03 2.153618229254875121e-15
1.780000000000000000e+03 2.072157461068406186e-15
1.781000000000000000e+03 2.054932145204236141e-15
1.782000000000000000e+03 1.881417236963450552e-15
1.783000000000000000e+03 1.979256211639662806e-15
1.784000000000000000e+03 2.115159989931074305e-15
1.785000000000000000e+03 1.904004249950923188e-15
1.786000000000000000e+03 2.119258194693932990e-15
