1.000000000000000000e+00 1.000000000000000000e+00
2.000000000000000000e+00 7.115379575685503166e-01
3.000000000000000000e+00 7.188220087656795876e-01
4.000000000000000000e+00 6.941132137832723981e-01
5.000000000000000000e+00 6.150623615962257373e-01
6.000000000000000000e+00 5.050806333085078315e-01
7.000000000000000000e+00 4.020909646762008127e-01
8.000000000000000000e+00 3.177569783220381971e-01
9.000000000000000000e+00 2.552307090128432820e-01
1.000000000000000000e+01 2.087155219021949726e-01
1.100000000000000000e+01 1.802265450037161543e-01
1.200000000000000000e+01 1.627478944889608758e-01
1.300000000000000000e+01 1.506493098848106782e-01
1.400000000000000000e+01 1.449854995324550699e-01
1.500000000000000000e+01 1.394608024532466295e-01
1.600000000000000000e+01 1.323628390507289865e-01
1.700000000000000000e+01 1.261690975177953700e-01
1.800000000000000000e+01 1.239468984399065832e-01
1.900000000000000000e+01 1.219435213731653728e-01
2.000000000000000000e+01 1.184018161236289751e-01
2.100000000000000000e+01 1.141239089986874899e-01
2.200000000000000000e+01 1.094379996439661801e-01
2.300000000000000000e+01 1.035789117006537807e-01
2.400000000000000000e+01 9.812980996813888690e-02
2.500000000000000000e+01 9.212696380817311792e-02
2.600000000000000000e+01 8.623312016194238649e-02
2.700000000000000000e+01 8.069009183534545104e-02
2.800000000000000000e+01 7.507791353440665394e-02
2.900000000000000000e+01 7.067409355540683891e-02
3.000000000000000000e+01 6.657157031833774163e-02
3.100000000000000000e+01 6.233056090232307056e-02
3.200000000000000000e+01 5.849151232046437277e-02
3.300000000000000000e+01 5.541253583147805195e-02
3.400000000000000000e+01 5.323661958081054441e-02
3.500000000000000000e+01 5.085906481954557967e-02
3.600000000000000000e+01 4.871765920983843479e-02
3.700000000000000000e+01 4.675148773776495459e-02
3.800000000000000000e+01 4.542382228436767783e-02
3.900000000000000000e+01 4.419795546361444949e-02
4.000000000000000000e+01 4.265093672190511942e-02
4.100000000000000000e+01 4.087101255092535218e-02
4.200000000000000000e+01 3.892576552779112437e-02
4.300000000000000000e+01 3.761789669765241984e-02
4.400000000000000000e+01 3.624871753143191211e-02
4.500000000000000000e+01 3.490742600498326215e-02
4.600000000000000000e+01 3.361113627074353849e-02
4.700000000000000000e+01 3.238864867963569399e-02
4.800000000000000000e+01 3.110427200696713398e-02
4.900000000000000000e+01 2.970634416611536710e-02
5.000000000000000000e+01 2.838539446929093726e-02
5.100000000000000000e+01 2.701282297334881358e-02
5.200000000000000000e+01 2.573681494484080998e-02
5.300000000000000000e+01 2.457084390718847211e-02
5.400000000000000000e+01 2.343050424234091947e-02
5.500000000000000000e+01 2.233717723161064705e-02
5.600000000000000000e+01 2.124811063446117171e-02
5.700000000000000000e+01 2.020582856780884715e-02
5.800000000000000000e+01 1.921130270758695732e-02
5.900000000000000000e+01 1.825384238338546156e-02
6.000000000000000000e+01 1.736409396090989737e-02
6.100000000000000000e+01 1.652977187731125702e-02
6.200000000000000000e+01 1.573819369384919439e-02
6.300000000000000000e+01 1.494109046369880914e-02
6.400000000000000000e+01 1.413545101593855109e-02
6.500000000000000000e+01 1.336809898770817233e-02
6.600000000000000000e+01 1.264191761047438189e-02
6.700000000000000000e+01 1.195262725109399668e-02
6.800000000000000000e+01 1.132276032200695698e-02
6.900000000000000000e+01 1.072484797377986146e-02
7.000000000000000000e+01 1.017366186314622341e-02
7.100000000000000000e+01 9.675830213081734396e-03
7.200000000000000000e+01 9.226235364719380730e-03
7.300000000000000000e+01 8.803206734079846441e-03
7.400000000000000000e+01 8.404767829477613819e-03
7.500000000000000000e+01 8.022582264887350226e-03
7.600000000000000000e+01 7.664540440653806047e-03
7.700000000000000000e+01 7.331191401521843475e-03
7.800000000000000000e+01 7.027015216805872037e-03
7.900000000000000000e+01 6.750631789930560192e-03
8.000000000000000000e+01 6.490755435361075278e-03
8.100000000000000000e+01 6.237813577307861276e-03
8.200000000000000000e+01 5.991526284018003183e-03
8.300000000000000000e+01 5.750323380270483398e-03
8.400000000000000000e+01 5.518997616414400738e-03
8.500000000000000000e+01 5.299219874231221247e-03
8.600000000000000000e+01 5.089039770926131155e-03
8.700000000000000000e+01 4.889311902629396057e-03
8.800000000000000000e+01 4.698720353508056141e-03
8.900000000000000000e+01 4.517175272343533152e-03
9.000000000000000000e+01 4.345120981904832674e-03
9.100000000000000000e+01 4.182022337702031786e-03
9.200000000000000000e+01 4.025026289855539001e-03
9.300000000000000000e+01 3.875233751164785818e-03
9.400000000000000000e+01 3.731993532867960549e-03
9.500000000000000000e+01 3.595023392485085807e-03
9.600000000000000000e+01 3.464065775756538547e-03
9.700000000000000000e+01 3.338923453171711679e-03
9.800000000000000000e+01 3.219156859008093317e-03
9.900000000000000000e+01 3.104322016038392907e-03
1.000000000000000000e+02 2.994647022599715089e-03
1.010000000000000000e+02 2.889536094535546766e-03
1.020000000000000000e+02 2.788606833931713078e-03
1.030000000000000000e+02 2.692285208704668555e-03
1.040000000000000000e+02 2.599590401897699295e-03
1.050000000000000000e+02 2.513318892121045502e-03
1.060000000000000000e+02 2.432864346371101365e-03
1.070000000000000000e+02 2.356380217268008205e-03
1.080000000000000000e+02 2.282824303693838444e-03
1.090000000000000000e+02 2.211807653762280085e-03
1.100000000000000000e+02 2.143761908606074598e-03
1.110000000000000000e+02 2.078180202980947373e-03
1.120000000000000000e+02 2.014952581280560987e-03
1.130000000000000000e+02 1.953994779087054549e-03
1.140000000000000000e+02 1.895097107352452549e-03
1.150000000000000000e+02 1.838253763171077311e-03
1.160000000000000000e+02 1.783370198898061483e-03
1.170000000000000000e+02 1.730494324379494575e-03
1.180000000000000000e+02 1.679631230016404801e-03
1.190000000000000000e+02 1.630649555287140128e-03
1.200000000000000000e+02 1.583465084625124012e-03
1.210000000000000000e+02 1.537931822277652412e-03
1.220000000000000000e+02 1.493988966617680993e-03
1.230000000000000000e+02 1.451602103207686074e-03
1.240000000000000000e+02 1.410718583547108679e-03
1.250000000000000000e+02 1.371269025989902551e-03
1.260000000000000000e+02 1.333212749885521369e-03
1.270000000000000000e+02 1.296508939652597737e-03
1.280000000000000000e+02 1.261108822548957266e-03
1.290000000000000000e+02 1.227044942889111024e-03
1.300000000000000000e+02 1.194207612427091326e-03
1.310000000000000000e+02 1.162533873080584057e-03
1.320000000000000000e+02 1.131991045271100614e-03
1.330000000000000000e+02 1.102517315045156319e-03
1.340000000000000000e+02 1.074055792981103933e-03
1.350000000000000000e+02 1.046558892845797463e-03
1.360000000000000000e+02 1.019975879793996775e-03
1.370000000000000000e+02 9.942710975142173176e-04
1.380000000000000000e+02 9.694113037493743866e-04
1.390000000000000000e+02 9.453541257254477687e-04
1.400000000000000000e+02 9.220608583326731032e-04
1.410000000000000000e+02 8.994998401187951709e-04
1.420000000000000000e+02 8.776367855258834869e-04
1.430000000000000000e+02 8.564429106903493141e-04
1.440000000000000000e+02 8.358929711740193226e-04
1.450000000000000000e+02 8.159627774210160634e-04
1.460000000000000000e+02 7.966274125147012729e-04
1.470000000000000000e+02 7.778575409405286611e-04
1.480000000000000000e+02 7.596315074817052912e-04
1.490000000000000000e+02 7.419260093112327314e-04
1.500000000000000000e+02 7.247235588679194242e-04
1.510000000000000000e+02 7.080068218704023116e-04
1.520000000000000000e+02 6.917598588011233300e-04
1.530000000000000000e+02 6.759637304835732809e-04
1.540000000000000000e+02 6.606010582449660601e-04
1.550000000000000000e+02 6.456590718165180435e-04
1.560000000000000000e+02 6.311242408199382609e-04
1.570000000000000000e+02 6.169824580247350787e-04
1.580000000000000000e+02 6.032176563016271613e-04
1.590000000000000000e+02 5.898153116988438631e-04
1.600000000000000000e+02 5.767560956965737040e-04
1.610000000000000000e+02 5.640343708029710518e-04
1.620000000000000000e+02 5.516400764720250528e-04
1.630000000000000000e+02 5.395628670696951722e-04
1.640000000000000000e+02 5.277936756685142278e-04
1.650000000000000000e+02 5.163219389026019656e-04
1.660000000000000000e+02 5.051374158912662077e-04
1.670000000000000000e+02 4.942309337948950490e-04
1.680000000000000000e+02 4.835948966477788711e-04
1.690000000000000000e+02 4.732201920694171192e-04
1.700000000000000000e+02 4.630990339844165372e-04
1.710000000000000000e+02 4.532223575079297054e-04
1.720000000000000000e+02 4.435812036697550187e-04
1.730000000000000000e+02 4.341674625254098507e-04
1.740000000000000000e+02 4.249752363482999428e-04
1.750000000000000000e+02 4.159988325605632939e-04
1.760000000000000000e+02 4.072323870719630708e-04
1.770000000000000000e+02 3.986696452096264907e-04
1.780000000000000000e+02 3.903050811016736872e-04
1.790000000000000000e+02 3.821333021844428826e-04
1.800000000000000000e+02 3.741485894374410592e-04
1.810000000000000000e+02 3.663458510657228496e-04
1.820000000000000000e+02 3.587202390456343962e-04
1.830000000000000000e+02 3.512670883461135700e-04
1.840000000000000000e+02 3.439818222487325741e-04
1.850000000000000000e+02 3.368600135101408382e-04
1.860000000000000000e+02 3.298973371181150019e-04
1.870000000000000000e+02 3.230895766403177804e-04
1.880000000000000000e+02 3.164324191399457416e-04
1.890000000000000000e+02 3.099216626468361685e-04
1.900000000000000000e+02 3.035468926715177837e-04
1.910000000000000000e+02 2.973130961174538984e-04
1.920000000000000000e+02 2.912179195516677484e-04
1.930000000000000000e+02 2.852570793492067536e-04
1.940000000000000000e+02 2.794258043774645135e-04
1.950000000000000000e+02 2.737205068781238125e-04
1.960000000000000000e+02 2.681374258782887412e-04
1.970000000000000000e+02 2.626738829433728720e-04
1.980000000000000000e+02 2.573272502253662634e-04
1.990000000000000000e+02 2.520947617903055490e-04
2.000000000000000000e+02 2.469737742060322322e-04
2.010000000000000000e+02 2.419617448260029944e-04
2.020000000000000000e+02 2.370562469152921693e-04
2.030000000000000000e+02 2.322549555473604917e-04
2.040000000000000000e+02 2.275556504822254288e-04
2.050000000000000000e+02 2.229556131421349331e-04
2.060000000000000000e+02 2.184518996920008986e-04
2.070000000000000000e+02 2.140421594025591944e-04
2.080000000000000000e+02 2.097243541077396854e-04
2.090000000000000000e+02 2.054965282378585101e-04
2.100000000000000000e+02 2.013567267563825332e-04
2.110000000000000000e+02 1.973029895055542111e-04
2.120000000000000000e+02 1.933333830290767587e-04
2.130000000000000000e+02 1.894460432318898445e-04
2.140000000000000000e+02 1.856391861781754723e-04
2.150000000000000000e+02 1.819110643781559776e-04
2.160000000000000000e+02 1.782599311256301332e-04
2.170000000000000000e+02 1.746840517477319776e-04
2.180000000000000000e+02 1.711818122234293692e-04
2.190000000000000000e+02 1.677516072970317278e-04
2.200000000000000000e+02 1.643918631645511249e-04
2.210000000000000000e+02 1.611010474324457221e-04
2.220000000000000000e+02 1.578776683065943702e-04
2.230000000000000000e+02 1.547202712718998095e-04
2.240000000000000000e+02 1.516274375618514338e-04
2.250000000000000000e+02 1.485977752787986657e-04
2.260000000000000000e+02 1.456298754493081369e-04
2.270000000000000000e+02 1.427224146816558417e-04
2.280000000000000000e+02 1.398741484800006295e-04
2.290000000000000000e+02 1.370838356553244811e-04
2.300000000000000000e+02 1.343502472877480716e-04
2.310000000000000000e+02 1.316721755066995554e-04
2.320000000000000000e+02 1.290484399298159532e-04
2.330000000000000000e+02 1.264778878754705760e-04
2.340000000000000000e+02 1.239593922855046276e-04
2.350000000000000000e+02 1.214918593403115218e-04
2.360000000000000000e+02 1.190742174657483495e-04
2.370000000000000000e+02 1.167054184160117600e-04
2.380000000000000000e+02 1.143844378983779533e-04
2.390000000000000000e+02 1.121102748979643457e-04
2.400000000000000000e+02 1.098819517849047969e-04
2.410000000000000000e+02 1.076985132349371997e-04
2.420000000000000000e+02 1.055590247213467655e-04
2.430000000000000000e+02 1.034625735324083397e-04
2.440000000000000000e+02 1.014082653106042987e-04
2.450000000000000000e+02 9.939522714429148713e-05
2.460000000000000000e+02 9.742260600182081696e-05
2.470000000000000000e+02 9.548956823178537587e-05
2.480000000000000000e+02 9.359529868923130826e-05
2.490000000000000000e+02 9.173900036968297316e-05
2.500000000000000000e+02 8.991989347361589778e-05
2.510000000000000000e+02 8.813721184678211418e-05
2.520000000000000000e+02 8.639021583120873131e-05
2.530000000000000000e+02 8.467817434602325957e-05
2.540000000000000000e+02 8.300037206751741884e-05
2.550000000000000000e+02 8.135610921451323163e-05
2.560000000000000000e+02 7.974470129618258505e-05
2.570000000000000000e+02 7.816547865838442092e-05
2.580000000000000000e+02 7.661778598072588580e-05
2.590000000000000000e+02 7.510098185453475158e-05
2.600000000000000000e+02 7.361443845353228728e-05
2.610000000000000000e+02 7.215754123436978851e-05
2.620000000000000000e+02 7.072968861261104488e-05
2.630000000000000000e+02 6.933029181634305094e-05
2.640000000000000000e+02 6.795877503931040153e-05
2.650000000000000000e+02 6.661457356549075281e-05
2.660000000000000000e+02 6.529713408453928373e-05
2.670000000000000000e+02 6.400591887133354912e-05
2.680000000000000000e+02 6.274040110739247079e-05
2.690000000000000000e+02 6.150005922049847716e-05
2.700000000000000000e+02 6.028438912921590433e-05
2.710000000000000000e+02 5.909289422949285861e-05
2.720000000000000000e+02 5.792508657773540366e-05
2.730000000000000000e+02 5.678048820950984892e-05
2.740000000000000000e+02 5.565863088537435923e-05
2.750000000000000000e+02 5.455905568887764657e-05
2.760000000000000000e+02 5.348131307637266600e-05
2.770000000000000000e+02 5.242496306254738528e-05
2.780000000000000000e+02 5.138957520344962797e-05
2.790000000000000000e+02 5.037472835867556003e-05
2.800000000000000000e+02 4.938001040165890926e-05
2.810000000000000000e+02 4.840501786108706840e-05
2.820000000000000000e+02 4.744935559922292516e-05
2.830000000000000000e+02 4.651263663512270291e-05
2.840000000000000000e+02 4.559448191105258506e-05
2.850000000000000000e+02 4.469451949698335696e-05
2.860000000000000000e+02 4.381238556608262166e-05
2.870000000000000000e+02 4.294772423132749086e-05
2.880000000000000000e+02 4.210018689582445964e-05
2.890000000000000000e+02 4.126943196675413554e-05
2.900000000000000000e+02 4.045512469890773260e-05
2.910000000000000000e+02 3.965693706876185441e-05
2.920000000000000000e+02 3.887454766442571233e-05
2.930000000000000000e+02 3.810764158237913563e-05
2.940000000000000000e+02 3.735591031091630457e-05
2.950000000000000000e+02 3.661905160408376815e-05
2.960000000000000000e+02 3.589676934208082209e-05
2.970000000000000000e+02 3.518877339317579792e-05
2.980000000000000000e+02 3.449477947467119519e-05
2.990000000000000000e+02 3.381450902446376589e-05
3.000000000000000000e+02 3.314768907905537833e-05
3.010000000000000000e+02 3.249405215795623527e-05
3.020000000000000000e+02 3.185333615376149849e-05
3.030000000000000000e+02 3.122528422363347297e-05
3.040000000000000000e+02 3.060964468604472638e-05
3.050000000000000000e+02 3.000617091513106100e-05
3.060000000000000000e+02 2.941462124010527386e-05
3.070000000000000000e+02 2.883475884331282148e-05
3.080000000000000000e+02 2.826635166272287433e-05
3.090000000000000000e+02 2.770917229317327408e-05
3.100000000000000000e+02 2.716299789460029394e-05
3.110000000000000000e+02 2.662761009596846328e-05
3.120000000000000000e+02 2.610279490634497633e-05
3.130000000000000000e+02 2.558834262611171996e-05
3.140000000000000000e+02 2.508404775777742400e-05
3.150000000000000000e+02 2.458970892207332530e-05
3.160000000000000000e+02 2.410512877265993142e-05
3.170000000000000000e+02 2.363011391443837724e-05
3.180000000000000000e+02 2.316447482240300835e-05
3.190000000000000000e+02 2.270802576170683444e-05
3.200000000000000000e+02 2.226058471076217948e-05
3.210000000000000000e+02 2.182197328468109379e-05
3.220000000000000000e+02 2.139201666093268174e-05
3.230000000000000000e+02 2.097054350596362106e-05
3.240000000000000000e+02 2.055738590472367319e-05
3.250000000000000000e+02 2.015237928948940643e-05
3.260000000000000000e+02 1.975536237318742931e-05
3.270000000000000000e+02 1.936617708115335738e-05
3.280000000000000000e+02 1.898466848707978144e-05
3.290000000000000000e+02 1.861068474842361866e-05
3.300000000000000000e+02 1.824407704435400016e-05
3.310000000000000000e+02 1.788469951423774329e-05
3.320000000000000000e+02 1.753240919927684347e-05
3.330000000000000000e+02 1.718706598161421186e-05
3.340000000000000000e+02 1.684853252977221058e-05
3.350000000000000000e+02 1.651667424065019130e-05
3.360000000000000000e+02 1.619135918619971900e-05
3.370000000000000000e+02 1.587245805835641894e-05
3.380000000000000000e+02 1.555984411747064912e-05
3.390000000000000000e+02 1.525339314006748527e-05
3.400000000000000000e+02 1.495298336949881680e-05
3.410000000000000000e+02 1.465849546507786805e-05
3.420000000000000000e+02 1.436981245457692315e-05
3.430000000000000000e+02 1.408681968686664939e-05
3.440000000000000000e+02 1.380940478474226245e-05
3.450000000000000000e+02 1.353745760055469553e-05
3.460000000000000000e+02 1.327087016973075900e-05
3.470000000000000000e+02 1.300953666973525980e-05
3.480000000000000000e+02 1.275335337479544716e-05
3.490000000000000000e+02 1.250221861505867122e-05
3.500000000000000000e+02 1.225603273541621410e-05
3.510000000000000000e+02 1.201469805552266736e-05
3.520000000000000000e+02 1.177811882973753483e-05
3.530000000000000000e+02 1.154620120918698435e-05
3.540000000000000000e+02 1.131885320294829703e-05
3.550000000000000000e+02 1.109598464209306279e-05
3.560000000000000000e+02 1.087750714248769056e-05
3.570000000000000000e+02 1.066333406901146868e-05
3.580000000000000000e+02 1.045330056449015284e-05
3.590000000000000000e+02 1.024741053428740232e-05
3.600000000000000000e+02 1.004558623531693447e-05
3.610000000000000000e+02 9.847742242844043228e-06
3.620000000000000000e+02 9.653798025282214163e-06
3.630000000000000000e+02 9.463675004649914913e-06
3.640000000000000000e+02 9.277296925365641949e-06
3.650000000000000000e+02 9.094589922761508666e-06
3.660000000000000000e+02 8.915482125589326432e-06
3.670000000000000000e+02 8.739903226505675717e-06
3.680000000000000000e+02 8.567784199495702646e-06
3.690000000000000000e+02 8.399057203775205031e-06
3.700000000000000000e+02 8.233655577780230576e-06
3.710000000000000000e+02 8.071513865312781669e-06
3.720000000000000000e+02 7.912567815539448273e-06
3.730000000000000000e+02 7.756754369043905917e-06
3.740000000000000000e+02 7.604011632338853213e-06
3.750000000000000000e+02 7.454278860076030429e-06
3.760000000000000000e+02 7.307496450250966077e-06
3.770000000000000000e+02 7.163605949422719194e-06
3.780000000000000000e+02 7.022550063843930389e-06
3.790000000000000000e+02 6.884272667477347478e-06
3.800000000000000000e+02 6.748718799172198808e-06
3.810000000000000000e+02 6.615834645875821517e-06
3.820000000000000000e+02 6.485567516083479023e-06
3.830000000000000000e+02 6.357865805191045830e-06
3.840000000000000000e+02 6.232678957120919311e-06
3.850000000000000000e+02 6.109957428146246267e-06
3.860000000000000000e+02 5.989652655177374105e-06
3.870000000000000000e+02 5.871717028227822618e-06
3.880000000000000000e+02 5.756103870583484253e-06
3.890000000000000000e+02 5.642767421824588141e-06
3.900000000000000000e+02 5.531662823289838838e-06
3.910000000000000000e+02 5.422746105742024196e-06
3.920000000000000000e+02 5.315974175535411676e-06
3.930000000000000000e+02 5.211304799162984091e-06
3.940000000000000000e+02 5.108696587279811729e-06
3.950000000000000000e+02 5.008108976246894766e-06
3.960000000000000000e+02 4.909502209368673666e-06
3.970000000000000000e+02 4.812837317689828348e-06
3.980000000000000000e+02 4.718076099601158338e-06
3.990000000000000000e+02 4.625181103178473176e-06
4.000000000000000000e+02 4.534115607011275595e-06
4.010000000000000000e+02 4.444843604269492406e-06
4.020000000000000000e+02 4.357329787684374176e-06
4.030000000000000000e+02 4.271539533967876424e-06
4.040000000000000000e+02 4.187438891958030336e-06
4.050000000000000000e+02 4.104994569528899837e-06
4.060000000000000000e+02 4.024173922721373493e-06
4.070000000000000000e+02 3.944944944464183055e-06
4.080000000000000000e+02 3.867276254212400984e-06
4.090000000000000000e+02 3.791137087497369667e-06
4.100000000000000000e+02 3.716497285180039935e-06
4.110000000000000000e+02 3.643327283629921348e-06
4.120000000000000000e+02 3.571598104209335442e-06
4.130000000000000000e+02 3.501281342246894984e-06
4.140000000000000000e+02 3.432349156714768073e-06
4.150000000000000000e+02 3.364774259661702421e-06
4.160000000000000000e+02 3.298529904759206542e-06
4.170000000000000000e+02 3.233589877528672507e-06
4.180000000000000000e+02 3.169928483414915290e-06
4.190000000000000000e+02 3.107520538032978872e-06
4.200000000000000000e+02 3.046341355906597302e-06
4.210000000000000000e+02 2.986366739961713640e-06
4.220000000000000000e+02 2.927572972929955286e-06
4.230000000000000000e+02 2.869936804674142864e-06
4.240000000000000000e+02 2.813435444468993953e-06
4.250000000000000000e+02 2.758046550850015545e-06
4.260000000000000000e+02 2.703748222578063415e-06
4.270000000000000000e+02 2.650518988602618336e-06
4.280000000000000000e+02 2.598337801103221105e-06
4.290000000000000000e+02 2.547184025416613908e-06
4.300000000000000000e+02 2.497037432165443137e-06
4.310000000000000000e+02 2.447878190538998165e-06
4.320000000000000000e+02 2.399686858306776752e-06
4.330000000000000000e+02 2.352444375470245007e-06
4.340000000000000000e+02 2.306132057035614309e-06
4.350000000000000000e+02 2.260731585251416241e-06
4.360000000000000000e+02 2.216225002490098678e-06
4.370000000000000000e+02 2.172594704269326849e-06
4.380000000000000000e+02 2.129823432813061637e-06
4.390000000000000000e+02 2.087894269905707149e-06
4.400000000000000000e+02 2.046790630701852064e-06
4.410000000000000000e+02 2.006496256781124624e-06
4.420000000000000000e+02 1.966995210342702502e-06
4.430000000000000000e+02 1.928271867621146986e-06
4.440000000000000000e+02 1.890310912326858914e-06
4.450000000000000000e+02 1.853097331454106906e-06
4.460000000000000000e+02 1.816616406106087604e-06
4.470000000000000000e+02 1.780853709171936541e-06
4.480000000000000000e+02 1.745795097167144142e-06
4.490000000000000000e+02 1.711426705437880913e-06
4.500000000000000000e+02 1.677734942858118871e-06
4.510000000000000000e+02 1.644706486258388803e-06
4.520000000000000000e+02 1.612328275130812991e-06
4.530000000000000000e+02 1.580587506080815360e-06
4.540000000000000000e+02 1.549471627981895458e-06
4.550000000000000000e+02 1.518968336726337847e-06
4.560000000000000000e+02 1.489065571934320970e-06
4.570000000000000000e+02 1.459751509045126686e-06
4.580000000000000000e+02 1.431014557533057647e-06
4.590000000000000000e+02 1.402843354351800389e-06
4.600000000000000000e+02 1.375226760799481642e-06
4.610000000000000000e+02 1.348153857638191972e-06
4.620000000000000000e+02 1.321613939773235872e-06
4.630000000000000000e+02 1.295596513777058587e-06
4.640000000000000000e+02 1.270091292082447740e-06
4.650000000000000000e+02 1.245088190319193447e-06
4.660000000000000000e+02 1.220577322436566619e-06
4.670000000000000000e+02 1.196548996881233770e-06
4.680000000000000000e+02 1.172993712508417646e-06
4.690000000000000000e+02 1.149902156073640388e-06
4.700000000000000000e+02 1.127265197206058396e-06
4.710000000000000000e+02 1.105073885751696470e-06
4.720000000000000000e+02 1.083319447076518833e-06
4.730000000000000000e+02 1.061993280254442062e-06
4.740000000000000000e+02 1.041086952545764472e-06
4.750000000000000000e+02 1.020592198131561887e-06
4.760000000000000000e+02 1.000500913998454932e-06
4.770000000000000000e+02 9.808051560244619512e-07
4.780000000000000000e+02 9.614971370811795493e-07
4.790000000000000000e+02 9.425692234180859761e-07
4.800000000000000000e+02 9.240139309446322018e-07
4.810000000000000000e+02 9.058239242557162169e-07
4.820000000000000000e+02 8.879920108640733822e-07
4.830000000000000000e+02 8.705111409018884259e-07
4.840000000000000000e+02 8.533744032358475974e-07
4.850000000000000000e+02 8.365750221978285539e-07
4.860000000000000000e+02 8.201063567018191732e-07
4.870000000000000000e+02 8.039618949895837174e-07
4.880000000000000000e+02 7.881352550310040608e-07
4.890000000000000000e+02 7.726201789572600476e-07
4.900000000000000000e+02 7.574105331043462321e-07
4.910000000000000000e+02 7.425003048086865241e-07
4.920000000000000000e+02 7.278835987301708348e-07
4.930000000000000000e+02 7.135546365117121009e-07
4.940000000000000000e+02 6.995077530062896399e-07
4.950000000000000000e+02 6.857373948908090604e-07
4.960000000000000000e+02 6.722381185383815448e-07
4.970000000000000000e+02 6.590045865153086642e-07
4.980000000000000000e+02 6.460315673885778354e-07
4.990000000000000000e+02 6.333139325235689257e-07
5.000000000000000000e+02 6.208466537905528822e-07
5.010000000000000000e+02 6.086248024554822879e-07
5.020000000000000000e+02 5.966435469804774027e-07
5.030000000000000000e+02 5.848981504942508871e-07
5.040000000000000000e+02 5.733839697375752878e-07
5.050000000000000000e+02 5.620964525433117392e-07
5.060000000000000000e+02 5.510311370324357238e-07
5.070000000000000000e+02 5.401836484704539658e-07
5.080000000000000000e+02 5.295496983110122243e-07
5.090000000000000000e+02 5.191250826206979792e-07
5.100000000000000000e+02 5.089056805215986222e-07
5.110000000000000000e+02 4.988874519611672560e-07
5.120000000000000000e+02 4.890664362289332195e-07
5.130000000000000000e+02 4.794387510820944127e-07
5.140000000000000000e+02 4.700005901959553245e-07
5.150000000000000000e+02 4.607482226660192557e-07
5.160000000000000000e+02 4.516779904952543870e-07
5.170000000000000000e+02 4.427863084686738225e-07
5.180000000000000000e+02 4.340696612002331984e-07
5.190000000000000000e+02 4.255246029116045775e-07
5.200000000000000000e+02 4.171477556036641378e-07
5.210000000000000000e+02 4.089358076320548648e-07
5.220000000000000000e+02 4.008855129192302345e-07
5.230000000000000000e+02 3.929936889541337633e-07
5.240000000000000000e+02 3.852572157863826940e-07
5.250000000000000000e+02 3.776730354285063093e-07
5.260000000000000000e+02 3.702381493008109076e-07
5.270000000000000000e+02 3.629496189373235838e-07
5.280000000000000000e+02 3.558045624661697455e-07
5.290000000000000000e+02 3.488001556149186356e-07
5.300000000000000000e+02 3.419336299030376282e-07
5.310000000000000000e+02 3.352022704372005684e-07
5.320000000000000000e+02 3.286034164101044693e-07
5.330000000000000000e+02 3.221344592650708762e-07
5.340000000000000000e+02 3.157928417761354225e-07
5.350000000000000000e+02 3.095760573518554089e-07
5.360000000000000000e+02 3.034816481502808081e-07
5.370000000000000000e+02 2.975072053864775700e-07
5.380000000000000000e+02 2.916503669207831516e-07
5.390000000000000000e+02 2.859088181579691012e-07
5.400000000000000000e+02 2.802802889327555451e-07
5.410000000000000000e+02 2.747625547180672644e-07
5.420000000000000000e+02 2.693534338317269285e-07
5.430000000000000000e+02 2.640507890271410950e-07
5.440000000000000000e+02 2.588525235520889930e-07
5.450000000000000000e+02 2.537565828889994125e-07
5.460000000000000000e+02 2.487609525287987757e-07
5.470000000000000000e+02 2.438636579582023082e-07
5.480000000000000000e+02 2.390627630759959964e-07
5.490000000000000000e+02 2.343563704598886273e-07
5.500000000000000000e+02 2.297426197225985023e-07
5.510000000000000000e+02 2.252196870712383070e-07
5.520000000000000000e+02 2.207857846470289468e-07
5.530000000000000000e+02 2.164391603904470846e-07
5.540000000000000000e+02 2.121780956316730300e-07
5.550000000000000000e+02 2.080009063608257262e-07
5.560000000000000000e+02 2.039059414270102966e-07
5.570000000000000000e+02 1.998915823476988390e-07
5.580000000000000000e+02 1.959562421270844714e-07
5.590000000000000000e+02 1.920983656322375460e-07
5.600000000000000000e+02 1.883164281553288434e-07
5.610000000000000000e+02 1.846089344582615610e-07
5.620000000000000000e+02 1.809744194336897903e-07
5.630000000000000000e+02 1.774114463642425401e-07
5.640000000000000000e+02 1.739186073198374580e-07
5.650000000000000000e+02 1.704945218099925160e-07
5.660000000000000000e+02 1.671378362272339107e-07
5.670000000000000000e+02 1.638472240289941131e-07
5.680000000000000000e+02 1.606213850009963355e-07
5.690000000000000000e+02 1.574590436119325250e-07
5.700000000000000000e+02 1.543589508469549573e-07
5.710000000000000000e+02 1.513198809107121125e-07
5.720000000000000000e+02 1.483406327524583899e-07
5.730000000000000000e+02 1.454200295203617082e-07
5.740000000000000000e+02 1.425569164896165793e-07
5.750000000000000000e+02 1.397501622367340581e-07
5.760000000000000000e+02 1.369986578833769816e-07
5.770000000000000000e+02 1.343013158615457820e-07
5.780000000000000000e+02 1.316570700701038495e-07
5.790000000000000000e+02 1.290648762514784421e-07
5.800000000000000000e+02 1.265237093383598361e-07
5.810000000000000000e+02 1.240325655132427994e-07
5.820000000000000000e+02 1.215904603411759706e-07
5.830000000000000000e+02 1.191964288423833136e-07
5.840000000000000000e+02 1.168495251575050369e-07
5.850000000000000000e+02 1.145488218544738287e-07
5.860000000000000000e+02 1.122934100042700950e-07
5.870000000000000000e+02 1.100823981711462566e-07
5.880000000000000000e+02 1.079149127882173573e-07
5.890000000000000000e+02 1.057900976593751048e-07
5.900000000000000000e+02 1.037071133642473844e-07
5.910000000000000000e+02 1.016651363729982453e-07
5.920000000000000000e+02 9.966336062096097140e-08
5.930000000000000000e+02 9.770099480941346178e-08
5.940000000000000000e+02 9.577726362648661034e-08
5.950000000000000000e+02 9.389140720519605833e-08
5.960000000000000000e+02 9.204268023787548160e-08
5.970000000000000000e+02 9.023035277708810415e-08
5.980000000000000000e+02 8.845370850045320948e-08
5.990000000000000000e+02 8.671204547588823649e-08
6.000000000000000000e+02 8.500467604701539931e-08
6.010000000000000000e+02 8.333092508970242969e-08
6.020000000000000000e+02 8.169013164744076146e-08
6.030000000000000000e+02 8.008164757368501784e-08
6.040000000000000000e+02 7.850483724246747407e-08
6.050000000000000000e+02 7.695907762493907795e-08
6.060000000000000000e+02 7.544375804655707933e-08
6.070000000000000000e+02 7.395828023538083709e-08
6.080000000000000000e+02 7.250205673513100203e-08
6.090000000000000000e+02 7.107451257870910522e-08
6.100000000000000000e+02 6.967508325283748538e-08
6.110000000000000000e+02 6.830321619392209424e-08
6.120000000000000000e+02 6.695836944832974623e-08
6.130000000000000000e+02 6.564001114670807616e-08
6.140000000000000000e+02 6.434762056601894039e-08
6.150000000000000000e+02 6.308068680719200483e-08
6.160000000000000000e+02 6.183870948600563309e-08
6.170000000000000000e+02 6.062119751905338321e-08
6.180000000000000000e+02 5.942766968931788562e-08
6.190000000000000000e+02 5.825765417297353800e-08
6.200000000000000000e+02 5.711068845539019188e-08
6.210000000000000000e+02 5.598631905685023915e-08
6.220000000000000000e+02 5.488410196623850723e-08
6.230000000000000000e+02 5.380360069866467903e-08
6.240000000000000000e+02 5.274438825888155522e-08
6.250000000000000000e+02 5.170604578310167082e-08
6.260000000000000000e+02 5.068816267112479332e-08
6.270000000000000000e+02 4.969033591657799960e-08
6.280000000000000000e+02 4.871217164407812697e-08
6.290000000000000000e+02 4.775328202270315784e-08
6.300000000000000000e+02 4.681328819785092480e-08
6.310000000000000000e+02 4.589181786251196101e-08
6.320000000000000000e+02 4.498850649036052342e-08
6.330000000000000000e+02 4.410299648525694997e-08
6.340000000000000000e+02 4.323493768018079026e-08
6.350000000000000000e+02 4.238398575096240030e-08
6.360000000000000000e+02 4.154980464518133834e-08
6.370000000000000000e+02 4.073206325703050733e-08
6.380000000000000000e+02 3.993043806482649686e-08
6.390000000000000000e+02 3.914461142982429080e-08
6.400000000000000000e+02 3.837427242151122642e-08
6.410000000000000000e+02 3.761911558839472022e-08
6.420000000000000000e+02 3.687884153220344123e-08
6.430000000000000000e+02 3.615315723395183671e-08
6.440000000000000000e+02 3.544177500933231626e-08
6.450000000000000000e+02 3.474441295670040292e-08
6.460000000000000000e+02 3.406079437707549371e-08
6.470000000000000000e+02 3.339064867396708082e-08
6.480000000000000000e+02 3.273370977271840943e-08
6.490000000000000000e+02 3.208971752750562059e-08
6.500000000000000000e+02 3.145841636164431319e-08
6.510000000000000000e+02 3.083955602481961479e-08
6.520000000000000000e+02 3.023289100921707352e-08
6.530000000000000000e+02 2.963818074143981322e-08
6.540000000000000000e+02 2.905518958044596846e-08
6.550000000000000000e+02 2.848368601816769005e-08
6.560000000000000000e+02 2.792344343150004724e-08
6.570000000000000000e+02 2.737423942299072183e-08
6.580000000000000000e+02 2.683585663678374925e-08
6.590000000000000000e+02 2.630808126625697761e-08
6.600000000000000000e+02 2.579070361283740696e-08
6.610000000000000000e+02 2.528351897315924527e-08
6.620000000000000000e+02 2.478632625942226216e-08
6.630000000000000000e+02 2.429892766736650046e-08
6.640000000000000000e+02 2.382113051417027120e-08
6.650000000000000000e+02 2.335274514473045391e-08
6.660000000000000000e+02 2.289358583665457660e-08
6.670000000000000000e+02 2.244347022250604147e-08
6.680000000000000000e+02 2.200222010008843861e-08
6.690000000000000000e+02 2.156966045771843789e-08
6.700000000000000000e+02 2.114561985821578778e-08
6.710000000000000000e+02 2.072993021969288597e-08
6.720000000000000000e+02 2.032242708649608832e-08
6.730000000000000000e+02 1.992294843507919045e-08
6.740000000000000000e+02 1.953133627011954065e-08
6.750000000000000000e+02 1.914743566217249548e-08
6.760000000000000000e+02 1.877109397309976552e-08
6.770000000000000000e+02 1.840216262735981319e-08
6.780000000000000000e+02 1.804049501125780608e-08
6.790000000000000000e+02 1.768594824926563689e-08
6.800000000000000000e+02 1.733838202222296699e-08
6.810000000000000000e+02 1.699765819109429358e-08
6.820000000000000000e+02 1.666364227077670785e-08
6.830000000000000000e+02 1.633620220574078212e-08
6.840000000000000000e+02 1.601520780096247911e-08
6.850000000000000000e+02 1.570053275115767754e-08
6.860000000000000000e+02 1.539205171478986169e-08
6.870000000000000000e+02 1.508964305387008129e-08
6.880000000000000000e+02 1.479318696985144769e-08
6.890000000000000000e+02 1.450256624390445885e-08
6.900000000000000000e+02 1.421766575684148229e-08
6.910000000000000000e+02 1.393837299027747650e-08
6.920000000000000000e+02 1.366457703491135736e-08
6.930000000000000000e+02 1.339616981043985727e-08
6.940000000000000000e+02 1.313304561949901329e-08
6.950000000000000000e+02 1.287509934513928213e-08
6.960000000000000000e+02 1.262222972285157338e-08
6.970000000000000000e+02 1.237433633724025698e-08
6.980000000000000000e+02 1.213132123628198898e-08
6.990000000000000000e+02 1.189308817166180900e-08
7.000000000000000000e+02 1.165954335658033662e-08
7.010000000000000000e+02 1.143059361706799454e-08
7.020000000000000000e+02 1.120614902954580034e-08
7.030000000000000000e+02 1.098612050298074230e-08
7.040000000000000000e+02 1.077042064534764250e-08
7.050000000000000000e+02 1.055896503795652000e-08
7.060000000000000000e+02 1.035166909758240689e-08
7.070000000000000000e+02 1.014845141048805881e-08
7.080000000000000000e+02 9.949231045857464918e-09
7.090000000000000000e+02 9.753929359374228443e-09
7.100000000000000000e+02 9.562469427215657231e-09
7.110000000000000000e+02 9.374775248045914740e-09
7.120000000000000000e+02 9.190772030041285248e-09
7.130000000000000000e+02 9.010387457843225195e-09
7.140000000000000000e+02 8.833550148462887914e-09
7.150000000000000000e+02 8.660190276953309405e-09
7.160000000000000000e+02 8.490238645898985162e-09
7.170000000000000000e+02 8.323628383505518593e-09
7.180000000000000000e+02 8.160293794316017797e-09
7.190000000000000000e+02 8.000169616860731759e-09
7.200000000000000000e+02 7.843192865946856613e-09
7.210000000000000000e+02 7.689301388645103487e-09
7.220000000000000000e+02 7.538434139261368895e-09
7.230000000000000000e+02 7.390531513829697366e-09
7.240000000000000000e+02 7.245535045714866790e-09
7.250000000000000000e+02 7.103387209207905900e-09
7.260000000000000000e+02 6.964031837398596298e-09
7.270000000000000000e+02 6.827413754999625265e-09
7.280000000000000000e+02 6.693478945958565519e-09
7.290000000000000000e+02 6.562174407637435163e-09
7.300000000000000000e+02 6.433448518074953817e-09
7.310000000000000000e+02 6.307249785086403445e-09
7.320000000000000000e+02 6.183528595579356985e-09
7.330000000000000000e+02 6.062235879337190303e-09
7.340000000000000000e+02 5.943324050034695011e-09
7.350000000000000000e+02 5.826745910507176429e-09
7.360000000000000000e+02 5.712455257680841490e-09
7.370000000000000000e+02 5.600407069282608667e-09
7.380000000000000000e+02 5.490556956244871555e-09
7.390000000000000000e+02 5.382861524993621022e-09
7.400000000000000000e+02 5.277278549731212780e-09
7.410000000000000000e+02 5.173766060062836193e-09
7.420000000000000000e+02 5.072283509000251216e-09
7.430000000000000000e+02 4.972790321355662095e-09
7.440000000000000000e+02 4.875247699459087762e-09
7.450000000000000000e+02 4.779617124323989536e-09
7.460000000000000000e+02 4.685860766968577965e-09
7.470000000000000000e+02 4.593941728087547270e-09
7.480000000000000000e+02 4.503823689447303932e-09
7.490000000000000000e+02 4.415471342270258431e-09
7.500000000000000000e+02 4.328849853764299153e-09
7.510000000000000000e+02 4.243925433927185910e-09
7.520000000000000000e+02 4.160663993911069347e-09
7.530000000000000000e+02 4.079033444006601236e-09
7.540000000000000000e+02 3.999001223905029510e-09
7.550000000000000000e+02 3.920536040530796347e-09
7.560000000000000000e+02 3.843607131703700441e-09
7.570000000000000000e+02 3.768184322285214573e-09
7.580000000000000000e+02 3.694238194247391144e-09
7.590000000000000000e+02 3.621739145992381570e-09
7.600000000000000000e+02 3.550659208452641014e-09
7.610000000000000000e+02 3.480970342636426538e-09
7.620000000000000000e+02 3.412645747095269342e-09
7.630000000000000000e+02 3.345658059683424172e-09
7.640000000000000000e+02 3.279981085259144782e-09
7.650000000000000000e+02 3.215589417573116974e-09
7.660000000000000000e+02 3.152457858441346125e-09
7.670000000000000000e+02 3.090561193676115395e-09
7.680000000000000000e+02 3.029876130532285567e-09
7.690000000000000000e+02 2.970377992171446895e-09
7.700000000000000000e+02 2.912044254987171916e-09
7.710000000000000000e+02 2.854852060662815684e-09
7.720000000000000000e+02 2.798778919938383186e-09
7.730000000000000000e+02 2.743802535824130589e-09
7.740000000000000000e+02 2.689902255024361505e-09
7.750000000000000000e+02 2.637056677446742107e-09
7.760000000000000000e+02 2.585245212548082215e-09
7.770000000000000000e+02 2.534447638166917618e-09
7.780000000000000000e+02 2.484644153054163297e-09
7.790000000000000000e+02 2.435815420831652598e-09
7.800000000000000000e+02 2.387942677723354391e-09
7.810000000000000000e+02 2.341006775677383343e-09
7.820000000000000000e+02 2.294989492241680713e-09
7.830000000000000000e+02 2.249873116877193888e-09
7.840000000000000000e+02 2.205640114065813278e-09
7.850000000000000000e+02 2.162273188484075891e-09
7.860000000000000000e+02 2.119755690320030967e-09
7.870000000000000000e+02 2.078070479468140763e-09
7.880000000000000000e+02 2.037201927549515973e-09
7.890000000000000000e+02 1.997133972110420859e-09
7.900000000000000000e+02 1.957850716835931295e-09
7.910000000000000000e+02 1.919337270512415797e-09
7.920000000000000000e+02 1.881578495880945746e-09
7.930000000000000000e+02 1.844559615817677681e-09
7.940000000000000000e+02 1.808266111558472631e-09
7.950000000000000000e+02 1.772684309948304202e-09
7.960000000000000000e+02 1.737799842215683762e-09
7.970000000000000000e+02 1.703599277308790716e-09
7.980000000000000000e+02 1.670069392985626505e-09
7.990000000000000000e+02 1.637196958276409749e-09
8.000000000000000000e+02 1.604969626007365340e-09
8.010000000000000000e+02 1.573374126894207608e-09
8.020000000000000000e+02 1.542398677965620506e-09
8.030000000000000000e+02 1.512030744563191467e-09
8.040000000000000000e+02 1.482259044532381971e-09
8.050000000000000000e+02 1.453071529222732520e-09
8.060000000000000000e+02 1.424456842798329106e-09
8.070000000000000000e+02 1.396403848455170974e-09
8.080000000000000000e+02 1.368901866197630796e-09
8.090000000000000000e+02 1.341939679940842360e-09
8.100000000000000000e+02 1.315507207356544712e-09
8.110000000000000000e+02 1.289593708771037988e-09
8.120000000000000000e+02 1.264189428956643282e-09
8.130000000000000000e+02 1.239284100611307513e-09
8.140000000000000000e+02 1.214868228414140432e-09
8.150000000000000000e+02 1.190932133020213555e-09
8.160000000000000000e+02 1.167466324112797062e-09
8.170000000000000000e+02 1.144461880413080862e-09
8.180000000000000000e+02 1.121909510967727279e-09
8.190000000000000000e+02 1.099800482925313829e-09
8.200000000000000000e+02 1.078126380776972902e-09
8.210000000000000000e+02 1.056878276261048882e-09
8.220000000000000000e+02 1.036048262924469406e-09
8.230000000000000000e+02 1.015627671810336571e-09
8.240000000000000000e+02 9.956089696106433977e-10
8.250000000000000000e+02 9.759837836194595266e-10
8.260000000000000000e+02 9.567449267295056880e-10
8.270000000000000000e+02 9.378845022920166224e-10
8.280000000000000000e+02 9.193952977942760580e-10
8.290000000000000000e+02 9.012699838065835855e-10
8.300000000000000000e+02 8.835012616246657800e-10
8.310000000000000000e+02 8.660824595839108534e-10
8.320000000000000000e+02 8.490065431761473605e-10
8.330000000000000000e+02 8.322665162726920741e-10
8.340000000000000000e+02 8.158562206914321344e-10
8.350000000000000000e+02 7.997689008898956690e-10
8.360000000000000000e+02 7.839982724639153718e-10
8.370000000000000000e+02 7.685387791917503041e-10
8.380000000000000000e+02 7.533831431023731122e-10
8.390000000000000000e+02 7.385262012707476971e-10
8.400000000000000000e+02 7.239618691568387819e-10
8.410000000000000000e+02 7.096845100856664475e-10
8.420000000000000000e+02 6.956881190345646308e-10
8.430000000000000000e+02 6.819678678519424335e-10
8.440000000000000000e+02 6.685174172874411631e-10
8.450000000000000000e+02 6.553322132614609397e-10
8.460000000000000000e+02 6.424069424396998102e-10
8.470000000000000000e+02 6.297361524554775336e-10
8.480000000000000000e+02 6.173152383997155904e-10
8.490000000000000000e+02 6.051388015649879489e-10
8.500000000000000000e+02 5.932024389949418389e-10
8.510000000000000000e+02 5.815014105826284722e-10
8.520000000000000000e+02 5.700310092271320630e-10
8.530000000000000000e+02 5.587867285814186496e-10
8.540000000000000000e+02 5.477638263540642203e-10
8.550000000000000000e+02 5.369585566154399466e-10
8.560000000000000000e+02 5.263660065593054563e-10
8.570000000000000000e+02 5.159823217699053348e-10
8.580000000000000000e+02 5.058035382163671977e-10
8.590000000000000000e+02 4.958252128330313488e-10
8.600000000000000000e+02 4.860437313868793239e-10
8.610000000000000000e+02 4.764549468334439131e-10
8.620000000000000000e+02 4.670553391194468627e-10
8.630000000000000000e+02 4.578409814834723436e-10
8.640000000000000000e+02 4.488084716871383938e-10
8.650000000000000000e+02 4.399541625846627618e-10
8.660000000000000000e+02 4.312741147257297383e-10
8.670000000000000000e+02 4.227652430178274529e-10
8.680000000000000000e+02 4.144245706698903485e-10
8.690000000000000000e+02 4.062478082944682273e-10
8.700000000000000000e+02 3.982327089489439933e-10
8.710000000000000000e+02 3.903755785575439475e-10
8.720000000000000000e+02 3.826733474911770900e-10
8.730000000000000000e+02 3.751231763913930348e-10
8.740000000000000000e+02 3.677218240573360926e-10
8.750000000000000000e+02 3.604664840845445889e-10
8.760000000000000000e+02 3.533540277920907366e-10
8.770000000000000000e+02 3.463823605455080516e-10
8.780000000000000000e+02 3.395477130223406469e-10
8.790000000000000000e+02 3.328479380255673562e-10
8.800000000000000000e+02 3.262807184110719008e-10
8.810000000000000000e+02 3.198425983662767816e-10
8.820000000000000000e+02 3.135314856304295514e-10
8.830000000000000000e+02 3.073449952963375739e-10
8.840000000000000000e+02 3.012805691593864122e-10
8.850000000000000000e+02 2.953359255362331490e-10
8.860000000000000000e+02 2.895084556807251933e-10
8.870000000000000000e+02 2.837959056580784253e-10
8.880000000000000000e+02 2.781959415019766573e-10
8.890000000000000000e+02 2.727066975386116061e-10
8.900000000000000000e+02 2.673255191498701351e-10
8.910000000000000000e+02 2.620504156411822563e-10
8.920000000000000000e+02 2.568796816197809059e-10
8.930000000000000000e+02 2.518107283249131206e-10
8.940000000000000000e+02 2.468418101921899824e-10
8.950000000000000000e+02 2.419709418680643111e-10
8.960000000000000000e+02 2.371962285334551225e-10
8.970000000000000000e+02 2.325156490663111448e-10
8.980000000000000000e+02 2.279275860948300767e-10
8.990000000000000000e+02 2.234298726209651852e-10
9.000000000000000000e+02 2.190210121580896725e-10
9.010000000000000000e+02 2.146991305340316496e-10
9.020000000000000000e+02 2.104624526588771037e-10
9.030000000000000000e+02 2.063091551516397254e-10
9.040000000000000000e+02 2.022382347544725670e-10
9.050000000000000000e+02 1.982474585277588924e-10
9.060000000000000000e+02 1.943353207811555958e-10
9.070000000000000000e+02 1.905004666630678875e-10
9.080000000000000000e+02 1.867413196543149978e-10
9.090000000000000000e+02 1.830562661314518356e-10
9.100000000000000000e+02 1.794440367344287016e-10
9.110000000000000000e+02 1.759030713440396455e-10
9.120000000000000000e+02 1.724319361192430990e-10
9.130000000000000000e+02 1.690291380499408648e-10
9.140000000000000000e+02 1.656935547418251845e-10
9.150000000000000000e+02 1.624238504369710114e-10
9.160000000000000000e+02 1.592184511583602497e-10
9.170000000000000000e+02 1.560765096055623182e-10
9.180000000000000000e+02 1.529964863529830823e-10
9.190000000000000000e+02 1.499774993831411087e-10
9.200000000000000000e+02 1.470177733363830778e-10
9.210000000000000000e+02 1.441165570215646877e-10
9.220000000000000000e+02 1.412726131056323826e-10
9.230000000000000000e+02 1.384849343191670589e-10
9.240000000000000000e+02 1.357521538724610918e-10
9.250000000000000000e+02 1.330732008454494631e-10
9.260000000000000000e+02 1.304472102352431653e-10
9.270000000000000000e+02 1.278728947753128697e-10
9.280000000000000000e+02 1.253492926457010027e-10
9.290000000000000000e+02 1.228758945657931300e-10
9.300000000000000000e+02 1.204509809490377635e-10
9.310000000000000000e+02 1.180739465235142109e-10
9.320000000000000000e+02 1.157439297963370433e-10
9.330000000000000000e+02 1.134596098397733021e-10
9.340000000000000000e+02 1.112208781160460157e-10
9.350000000000000000e+02 1.090259842413569230e-10
9.360000000000000000e+02 1.068746050890764087e-10
9.370000000000000000e+02 1.047654039177852137e-10
9.380000000000000000e+02 1.026978695114104842e-10
9.390000000000000000e+02 1.006712826261129516e-10
9.400000000000000000e+02 9.868472190627115740e-11
9.410000000000000000e+02 9.673712459307788880e-11
9.420000000000000000e+02 9.482813378733176681e-11
9.430000000000000000e+02 9.295689061255107284e-11
9.440000000000000000e+02 9.112239349810608581e-11
9.450000000000000000e+02 8.932416241085768289e-11
9.460000000000000000e+02 8.756148181349691384e-11
9.470000000000000000e+02 8.583349336487960066e-11
9.480000000000000000e+02 8.413956609026953647e-11
9.490000000000000000e+02 8.247914018278702778e-11
9.500000000000000000e+02 8.085153904730291833e-11
9.510000000000000000e+02 7.925595690555001528e-11
9.520000000000000000e+02 7.769183556618585677e-11
9.530000000000000000e+02 7.615881941977815549e-11
9.540000000000000000e+02 7.465568633667990095e-11
9.550000000000000000e+02 7.318248782162975949e-11
9.560000000000000000e+02 7.173834742877787047e-11
9.570000000000000000e+02 7.032260333312838598e-11
9.580000000000000000e+02 6.893486002566235011e-11
9.590000000000000000e+02 6.757451292198728450e-11
9.600000000000000000e+02 6.624107361569354992e-11
9.610000000000000000e+02 6.493373594193229628e-11
9.620000000000000000e+02 6.365232161305297838e-11
9.630000000000000000e+02 6.239601240646794269e-11
9.640000000000000000e+02 6.116478452325914711e-11
9.650000000000000000e+02 5.995764272010884320e-11
9.660000000000000000e+02 5.877433847750349331e-11
9.670000000000000000e+02 5.761460420122640238e-11
9.680000000000000000e+02 5.647761898041447351e-11
9.690000000000000000e+02 5.536333483416651029e-11
9.700000000000000000e+02 5.427063926639642847e-11
9.710000000000000000e+02 5.319973954885060124e-11
9.720000000000000000e+02 5.214970829182239408e-11
9.730000000000000000e+02 5.112054851790967221e-11
9.740000000000000000e+02 5.011170020859184216e-11
9.750000000000000000e+02 4.912271039973437954e-11
9.760000000000000000e+02 4.815344371703072203e-11
9.770000000000000000e+02 4.720315641689315636e-11
9.780000000000000000e+02 4.627170335067177561e-11
9.790000000000000000e+02 4.535853492843686336e-11
9.800000000000000000e+02 4.446331688169223066e-11
9.810000000000000000e+02 4.358587361244469079e-11
9.820000000000000000e+02 4.272573976950462997e-11
9.830000000000000000e+02 4.188268301791421774e-11
9.840000000000000000e+02 4.105608662123081287e-11
9.850000000000000000e+02 4.024583873491000276e-11
9.860000000000000000e+02 3.945158191766140033e-11
9.870000000000000000e+02 3.867299205679086925e-11
9.880000000000000000e+02 3.790994170540431677e-11
9.890000000000000000e+02 3.716167680557834713e-11
9.900000000000000000e+02 3.642842858534254827e-11
9.910000000000000000e+02 3.570964231769111433e-11
9.920000000000000000e+02 3.500484009766171002e-11
9.930000000000000000e+02 3.431388692256814348e-11
9.940000000000000000e+02 3.363673746062358568e-11
9.950000000000000000e+02 3.297303423623588479e-11
9.960000000000000000e+02 3.232220294713099334e-11
9.970000000000000000e+02 3.168442876405849654e-11
9.980000000000000000e+02 3.105910757087499885e-11
9.990000000000000000e+02 3.044634893108412707e-11
1.000000000000000000e+03 2.984538953456478560e-11
1.001000000000000000e+03 2.925642013900455382e-11
1.002000000000000000e+03 2.867899994395057377e-11
1.003000000000000000e+03 2.811310298605698700e-11
1.004000000000000000e+03 2.755835235742332576e-11
1.005000000000000000e+03 2.701457545463482099e-11
1.006000000000000000e+03 2.648128507498530273e-11
1.007000000000000000e+03 2.595874801771878174e-11
1.008000000000000000e+03 2.544648469487168046e-11
1.009000000000000000e+03 2.494436923513240131e-11
1.010000000000000000e+03 2.445200291119694909e-11
1.011000000000000000e+03 2.396945479786136427e-11
1.012000000000000000e+03 2.349646421534584244e-11
1.013000000000000000e+03 2.303284021229572148e-11
1.014000000000000000e+03 2.257855800132779202e-11
1.015000000000000000e+03 2.213266307597604291e-11
1.016000000000000000e+03 2.169590394694106906e-11
1.017000000000000000e+03 2.126773745488590925e-11
1.018000000000000000e+03 2.084803598997598442e-11
1.019000000000000000e+03 2.043653808065152592e-11
1.020000000000000000e+03 2.003314054711869033e-11
1.021000000000000000e+03 1.963787035125110705e-11
1.022000000000000000e+03 1.925023349892565440e-11
1.023000000000000000e+03 1.887049539124781862e-11
1.024000000000000000e+03 1.849815696895602460e-11
1.025000000000000000e+03 1.813323268300702008e-11
1.026000000000000000e+03 1.777532509199106116e-11
1.027000000000000000e+03 1.742450810144095282e-11
1.028000000000000000e+03 1.708054537238051904e-11
1.029000000000000000e+03 1.674346900613653729e-11
1.030000000000000000e+03 1.641315939977517769e-11
1.031000000000000000e+03 1.608927069288859111e-11
1.032000000000000000e+03 1.577171718327769429e-11
1.033000000000000000e+03 1.546037468473068914e-11
1.034000000000000000e+03 1.515531996192500130e-11
1.035000000000000000e+03 1.485624815691431063e-11
1.036000000000000000e+03 1.456298706112525596e-11
1.037000000000000000e+03 1.427585780799605091e-11
1.038000000000000000e+03 1.399399397279839347e-11
1.039000000000000000e+03 1.371777812113688546e-11
1.040000000000000000e+03 1.344708487611354270e-11
1.041000000000000000e+03 1.318162752221295713e-11
1.042000000000000000e+03 1.292152105654169795e-11
1.043000000000000000e+03 1.266647036580596551e-11
1.044000000000000000e+03 1.241657391225611592e-11
1.045000000000000000e+03 1.217151845861415645e-11
1.046000000000000000e+03 1.193142991165800499e-11
1.047000000000000000e+03 1.169594813008592180e-11
1.048000000000000000e+03 1.146508234304811402e-11
1.049000000000000000e+03 1.123869465031799834e-11
1.050000000000000000e+03 1.101708435532487486e-11
1.051000000000000000e+03 1.079951839412305209e-11
1.052000000000000000e+03 1.058645339702744764e-11
1.053000000000000000e+03 1.037759415008709103e-11
1.054000000000000000e+03 1.017282741588925836e-11
1.055000000000000000e+03 9.972125074696122826e-12
1.056000000000000000e+03 9.775128733173690551e-12
1.057000000000000000e+03 9.582241445253483155e-12
1.058000000000000000e+03 9.393184397048789901e-12
1.059000000000000000e+03 9.207839864659142936e-12
1.060000000000000000e+03 9.026030246959401405e-12
1.061000000000000000e+03 8.847920665139186090e-12
1.062000000000000000e+03 8.673383391171702351e-12
1.063000000000000000e+03 8.502332113031065897e-12
1.064000000000000000e+03 8.334497292799950282e-12
1.065000000000000000e+03 8.169960906564724425e-12
1.066000000000000000e+03 8.008668805098913110e-12
1.067000000000000000e+03 7.850569146190417724e-12
1.068000000000000000e+03 7.695903881919510994e-12
1.069000000000000000e+03 7.543954159715367513e-12
1.070000000000000000e+03 7.395136471823427242e-12
1.071000000000000000e+03 7.248957931014424838e-12
1.072000000000000000e+03 7.105925719478000473e-12
1.073000000000000000e+03 6.965988035610403598e-12
1.074000000000000000e+03 6.828465351118289245e-12
1.075000000000000000e+03 6.693471679996155462e-12
1.076000000000000000e+03 6.561460888172956564e-12
1.077000000000000000e+03 6.431944065845718263e-12
1.078000000000000000e+03 6.304951514113150196e-12
1.079000000000000000e+03 6.180647599481688700e-12
1.080000000000000000e+03 6.058831109999012733e-12
1.081000000000000000e+03 5.939190761148119798e-12
1.082000000000000000e+03 5.821993238034888352e-12
1.083000000000000000e+03 5.706962459124325556e-12
1.084000000000000000e+03 5.594388945856338640e-12
1.085000000000000000e+03 5.483886749760333014e-12
1.086000000000000000e+03 5.375747039369933354e-12
1.087000000000000000e+03 5.269714885403488688e-12
1.088000000000000000e+03 5.165750224774808161e-12
1.089000000000000000e+03 5.063685259266264922e-12
1.090000000000000000e+03 4.963710690634330375e-12
1.091000000000000000e+03 4.865965612913072113e-12
1.092000000000000000e+03 4.769874852553190424e-12
1.093000000000000000e+03 4.675756569511608070e-12
1.094000000000000000e+03 4.583405757000263245e-12
1.095000000000000000e+03 4.492907614970112288e-12
1.096000000000000000e+03 4.404296797537246931e-12
1.097000000000000000e+03 4.317329120114893892e-12
1.098000000000000000e+03 4.232497029915920535e-12
1.099000000000000000e+03 4.148606290322118418e-12
1.100000000000000000e+03 4.066874736479345887e-12
1.101000000000000000e+03 3.986580176112291214e-12
1.102000000000000000e+03 3.907827013182317995e-12
1.103000000000000000e+03 3.830673361224723569e-12
1.104000000000000000e+03 3.755050495812214906e-12
1.105000000000000000e+03 3.681037399164217949e-12
1.106000000000000000e+03 3.608238269204307537e-12
1.107000000000000000e+03 3.537130378221349589e-12
1.108000000000000000e+03 3.467511574775381826e-12
1.109000000000000000e+03 3.398949539925103631e-12
1.110000000000000000e+03 3.331913616846295878e-12
1.111000000000000000e+03 3.266160930290893189e-12
1.112000000000000000e+03 3.201620019917824791e-12
1.113000000000000000e+03 3.138396527673669529e-12
1.114000000000000000e+03 3.076561798348766348e-12
1.115000000000000000e+03 3.015860824839027853e-12
1.116000000000000000e+03 2.956470613126426718e-12
1.117000000000000000e+03 2.897938714812188051e-12
1.118000000000000000e+03 2.840830685283868145e-12
1.119000000000000000e+03 2.784811911931335158e-12
1.120000000000000000e+03 2.729748483063972638e-12
1.121000000000000000e+03 2.675945851764770601e-12
1.122000000000000000e+03 2.623139344714915367e-12
1.123000000000000000e+03 2.571141261294618325e-12
1.124000000000000000e+03 2.520767185614312914e-12
1.125000000000000000e+03 2.470901799070704720e-12
1.126000000000000000e+03 2.422004760531195740e-12
1.127000000000000000e+03 2.374192638005116056e-12
1.128000000000000000e+03 2.327445034318562093e-12
1.129000000000000000e+03 2.281413973877506157e-12
1.130000000000000000e+03 2.236479905369060246e-12
1.131000000000000000e+03 2.192383028867209641e-12
1.132000000000000000e+03 2.149118052737540222e-12
1.133000000000000000e+03 2.106770990331979331e-12
1.134000000000000000e+03 2.065005828045003211e-12
1.135000000000000000e+03 2.024368058773178825e-12
1.136000000000000000e+03 1.984321335134611743e-12
1.137000000000000000e+03 1.945203982084777010e-12
1.138000000000000000e+03 1.906907665287580755e-12
1.139000000000000000e+03 1.869109335331002703e-12
1.140000000000000000e+03 1.832327007516154435e-12
1.141000000000000000e+03 1.796188987438132771e-12
1.142000000000000000e+03 1.760741275240863197e-12
1.143000000000000000e+03 1.726028985760235293e-12
1.144000000000000000e+03 1.691919607094872402e-12
1.145000000000000000e+03 1.658474516128657049e-12
1.146000000000000000e+03 1.625848931070955154e-12
1.147000000000000000e+03 1.593729053752657696e-12
1.148000000000000000e+03 1.562304621759011203e-12
1.149000000000000000e+03 1.531425950167407091e-12
1.150000000000000000e+03 1.501046605873148560e-12
1.151000000000000000e+03 1.471630011638983003e-12
1.152000000000000000e+03 1.442559376276189140e-12
1.153000000000000000e+03 1.414031717440577903e-12
1.154000000000000000e+03 1.386145111108675456e-12
1.155000000000000000e+03 1.358670394945769881e-12
1.156000000000000000e+03 1.331842243803590227e-12
1.157000000000000000e+03 1.305620876097157889e-12
1.158000000000000000e+03 1.279990679792182090e-12
1.159000000000000000e+03 1.254677015590447090e-12
1.160000000000000000e+03 1.229949898522696591e-12
1.161000000000000000e+03 1.205687982331360463e-12
1.162000000000000000e+03 1.181993274911137020e-12
1.163000000000000000e+03 1.158480772946098392e-12
1.164000000000000000e+03 1.135628067758349764e-12
1.165000000000000000e+03 1.113307072544154234e-12
1.166000000000000000e+03 1.091420564543595879e-12
1.167000000000000000e+03 1.069722783472309573e-12
1.168000000000000000e+03 1.048639812394458898e-12
1.169000000000000000e+03 1.027928956517917708e-12
1.170000000000000000e+03 1.007613968047165327e-12
1.171000000000000000e+03 9.877151811864957137e-13
1.172000000000000000e+03 9.682625683542409537e-13
1.173000000000000000e+03 9.491246656223601974e-13
1.174000000000000000e+03 9.303846570934675301e-13
1.175000000000000000e+03 9.120734311290322386e-13
1.176000000000000000e+03 8.940011240434654553e-13
1.177000000000000000e+03 8.764352098930851803e-13
1.178000000000000000e+03 8.591408046757502614e-13
1.179000000000000000e+03 8.421702774461604717e-13
1.180000000000000000e+03 8.255973406653527376e-13
1.181000000000000000e+03 8.092021142376670904e-13
1.182000000000000000e+03 7.933925160474024790e-13
1.183000000000000000e+03 7.776428910790083170e-13
1.184000000000000000e+03 7.622239029921639913e-13
1.185000000000000000e+03 7.472947572514662738e-13
1.186000000000000000e+03 7.326168161145129474e-13
1.187000000000000000e+03 7.180090375008105570e-13
1.188000000000000000e+03 7.039761671737673620e-13
1.189000000000000000e+03 6.899323548751419292e-13
1.190000000000000000e+03 6.763575762023495017e-13
1.191000000000000000e+03 6.630574659562344950e-13
1.192000000000000000e+03 6.501410215261981494e-13
1.193000000000000000e+03 6.370109859828149396e-13
1.194000000000000000e+03 6.245453098987336840e-13
1.195000000000000000e+03 6.122012527937033331e-13
1.196000000000000000e+03 6.001985190452241739e-13
1.197000000000000000e+03 5.882629589372176410e-13
1.198000000000000000e+03 5.766131639586450736e-13
1.199000000000000000e+03 5.652942209934851940e-13
1.200000000000000000e+03 5.541725834973001069e-13
1.201000000000000000e+03 5.432277891988873455e-13
1.202000000000000000e+03 5.323757139483012128e-13
1.203000000000000000e+03 5.220712505792124541e-13
1.204000000000000000e+03 5.115833774716381438e-13
1.205000000000000000e+03 5.015872371981324989e-13
1.206000000000000000e+03 4.917562094188688955e-13
1.207000000000000000e+03 4.819921774496582180e-13
1.208000000000000000e+03 4.725574570460804629e-13
1.209000000000000000e+03 4.631330576892508609e-13
1.210000000000000000e+03 4.540527586746506479e-13
1.211000000000000000e+03 4.450546825438613670e-13
1.212000000000000000e+03 4.363116828255697443e-13
1.213000000000000000e+03 4.276996419977754238e-13
1.214000000000000000e+03 4.191210821545520432e-13
1.215000000000000000e+03 4.108871581761555414e-13
1.216000000000000000e+03 4.027575773059437286e-13
1.217000000000000000e+03 3.948938216904069839e-13
1.218000000000000000e+03 3.870636108870636244e-13
1.219000000000000000e+03 3.794133650730205900e-13
1.220000000000000000e+03 3.719320768810413253e-13
1.221000000000000000e+03 3.644916564795351901e-13
1.222000000000000000e+03 3.575008748738751430e-13
1.223000000000000000e+03 3.503467553042741286e-13
1.224000000000000000e+03 3.433697191855215676e-13
1.225000000000000000e+03 3.366029154878873580e-13
1.226000000000000000e+03 3.299509462935009292e-13
1.227000000000000000e+03 3.235534594180633209e-13
1.228000000000000000e+03 3.170605610699496043e-13
1.229000000000000000e+03 3.107633507353886524e-13
1.230000000000000000e+03 3.047654292166296679e-13
1.231000000000000000e+03 2.987284630138889862e-13
1.232000000000000000e+03 2.929857097698540330e-13
1.233000000000000000e+03 2.871892914135611184e-13
1.234000000000000000e+03 2.814365861040668907e-13
1.235000000000000000e+03 2.757556744590660924e-13
1.236000000000000000e+03 2.703616673238969275e-13
1.237000000000000000e+03 2.649619262301789927e-13
1.238000000000000000e+03 2.598996774820393349e-13
1.239000000000000000e+03 2.548101474340088859e-13
1.240000000000000000e+03 2.496812873115605808e-13
1.241000000000000000e+03 2.446260210200546788e-13
1.242000000000000000e+03 2.398506565558063178e-13
1.243000000000000000e+03 2.351783422199680667e-13
1.244000000000000000e+03 2.305256675257469470e-13
1.245000000000000000e+03 2.261604162175869152e-13
1.246000000000000000e+03 2.216554517609841804e-13
1.247000000000000000e+03 2.171714125033284680e-13
1.248000000000000000e+03 2.128602932944737285e-13
1.249000000000000000e+03 2.087278235184945739e-13
1.250000000000000000e+03 2.045173739774066467e-13
1.251000000000000000e+03 2.004352435928293304e-13
1.252000000000000000e+03 1.966400458948352866e-13
1.253000000000000000e+03 1.925620368601747402e-13
1.254000000000000000e+03 1.887814402318280423e-13
1.255000000000000000e+03 1.851773937090178147e-13
1.256000000000000000e+03 1.815444605562343633e-13
1.257000000000000000e+03 1.779136531204204766e-13
1.258000000000000000e+03 1.743264710027030902e-13
1.259000000000000000e+03 1.709723753494279300e-13
1.260000000000000000e+03 1.676564746377376283e-13
1.261000000000000000e+03 1.643240517344669233e-13
1.262000000000000000e+03 1.611600059090118526e-13
1.263000000000000000e+03 1.579477878199699435e-13
1.264000000000000000e+03 1.548898166328394069e-13
1.265000000000000000e+03 1.516445752061304790e-13
1.266000000000000000e+03 1.485781019118250003e-13
1.267000000000000000e+03 1.455848131680369222e-13
1.268000000000000000e+03 1.427765424166893079e-13
1.269000000000000000e+03 1.400839746990314068e-13
1.270000000000000000e+03 1.372268613892280503e-13
1.271000000000000000e+03 1.344343882306180773e-13
1.272000000000000000e+03 1.319623124676201221e-13
1.273000000000000000e+03 1.292965536474626218e-13
1.274000000000000000e+03 1.267679735777693043e-13
1.275000000000000000e+03 1.243082280627505083e-13
1.276000000000000000e+03 1.218699102253121730e-13
1.277000000000000000e+03 1.194291331299310460e-13
1.278000000000000000e+03 1.170660608625312267e-13
1.279000000000000000e+03 1.146876203433967949e-13
1.280000000000000000e+03 1.124939541765822129e-13
1.281000000000000000e+03 1.103810358097069037e-13
1.282000000000000000e+03 1.081125324130551222e-13
1.283000000000000000e+03 1.059776371598342850e-13
1.284000000000000000e+03 1.039998538281434960e-13
1.285000000000000000e+03 1.018050266617370525e-13
1.286000000000000000e+03 9.970657630736300031e-14
1.287000000000000000e+03 9.783681626924809248e-14
1.288000000000000000e+03 9.598305740514065647e-14
1.289000000000000000e+03 9.405631202331124381e-14
1.290000000000000000e+03 9.215986340005139708e-14
1.291000000000000000e+03 9.036685024017132470e-14
1.292000000000000000e+03 8.842271923865454385e-14
1.293000000000000000e+03 8.683015727327327986e-14
1.294000000000000000e+03 8.509790075583138527e-14
1.295000000000000000e+03 8.342244461858201100e-14
1.296000000000000000e+03 8.178784463089860974e-14
1.297000000000000000e+03 8.014405130364718727e-14
1.298000000000000000e+03 7.855124144294916058e-14
1.299000000000000000e+03 7.701298083869684397e-14
1.300000000000000000e+03 7.543344957176523953e-14
1.301000000000000000e+03 7.408496773363075295e-14
1.302000000000000000e+03 7.248789682130013009e-14
1.303000000000000000e+03 7.121586551143859802e-14
1.304000000000000000e+03 6.973920778671795394e-14
1.305000000000000000e+03 6.840088352702997126e-14
1.306000000000000000e+03 6.706767370648193514e-14
1.307000000000000000e+03 6.567294318136246019e-14
1.308000000000000000e+03 6.444362817165878777e-14
1.309000000000000000e+03 6.323209089765936587e-14
1.310000000000000000e+03 6.197895083176738223e-14
1.311000000000000000e+03 6.075386096375359478e-14
1.312000000000000000e+03 5.955695336663691413e-14
1.313000000000000000e+03 5.833753458115122526e-14
1.314000000000000000e+03 5.724369994804938886e-14
1.315000000000000000e+03 5.608487484373112795e-14
1.316000000000000000e+03 5.481093024584464378e-14
1.317000000000000000e+03 5.383021881093206707e-14
1.318000000000000000e+03 5.280864635830779416e-14
1.319000000000000000e+03 5.175635469043948084e-14
1.320000000000000000e+03 5.078668256003645313e-14
1.321000000000000000e+03 4.969032849793557157e-14
1.322000000000000000e+03 4.866907711598643164e-14
1.323000000000000000e+03 4.791580008076391841e-14
1.324000000000000000e+03 4.666828483326155431e-14
1.325000000000000000e+03 4.587174121773525919e-14
1.326000000000000000e+03 4.512779928604285548e-14
1.327000000000000000e+03 4.409467864126549846e-14
1.328000000000000000e+03 4.335752263426902852e-14
1.329000000000000000e+03 4.237641815159480021e-14
1.330000000000000000e+03 4.146898587122646427e-14
1.331000000000000000e+03 4.085952888370363109e-14
1.332000000000000000e+03 4.002833900591286917e-14
1.333000000000000000e+03 3.920193586043802736e-14
1.334000000000000000e+03 3.839474174932940597e-14
1.335000000000000000e+03 3.768722001847393937e-14
1.336000000000000000e+03 3.693328255511925055e-14
1.337000000000000000e+03 3.614048181313395305e-14
1.338000000000000000e+03 3.540472064456089856e-14
1.339000000000000000e+03 3.473530293322233634e-14
1.340000000000000000e+03 3.410699801614753802e-14
1.341000000000000000e+03 3.344321116144606087e-14
1.342000000000000000e+03 3.288661621981525451e-14
1.343000000000000000e+03 3.220223710348307546e-14
1.344000000000000000e+03 3.158633061423792855e-14
1.345000000000000000e+03 3.079652523842694783e-14
1.346000000000000000e+03 3.030611702089419675e-14
1.347000000000000000e+03 2.964769011514331585e-14
1.348000000000000000e+03 2.909078430247953475e-14
1.349000000000000000e+03 2.843551775347016505e-14
1.350000000000000000e+03 2.791317852502489879e-14
1.351000000000000000e+03 2.750447157785919473e-14
1.352000000000000000e+03 2.679244690909035650e-14
1.353000000000000000e+03 2.640229099495374903e-14
1.354000000000000000e+03 2.581224257749244100e-14
1.355000000000000000e+03 2.537070699192536076e-14
1.356000000000000000e+03 2.482265174859695964e-14
1.357000000000000000e+03 2.439396360665542720e-14
1.358000000000000000e+03 2.368347217044128668e-14
1.359000000000000000e+03 2.326275331127739752e-14
1.360000000000000000e+03 2.282815376464658332e-14
1.361000000000000000e+03 2.244890127009326442e-14
1.362000000000000000e+03 2.201133814877016543e-14
1.363000000000000000e+03 2.166183914945174910e-14
1.364000000000000000e+03 2.107700122184921983e-14
1.365000000000000000e+03 2.079125938181030586e-14
1.366000000000000000e+03 2.035408215925502186e-14
1.367000000000000000e+03 1.991135379780225217e-14
1.368000000000000000e+03 1.946809205754897525e-14
1.369000000000000000e+03 1.900792374476483421e-14
1.370000000000000000e+03 1.882620061621309807e-14
1.371000000000000000e+03 1.848071786969770442e-14
1.372000000000000000e+03 1.807615209166413097e-14
1.373000000000000000e+03 1.761844816484557505e-14
1.374000000000000000e+03 1.735583840709366081e-14
1.375000000000000000e+03 1.702505802564454685e-14
1.376000000000000000e+03 1.672776938784019445e-14
1.377000000000000000e+03 1.643186152162318708e-14
1.378000000000000000e+03 1.610925903558802516e-14
1.379000000000000000e+03 1.569867796624078916e-14
1.380000000000000000e+03 1.533457719579530402e-14
1.381000000000000000e+03 1.510848978497315776e-14
1.382000000000000000e+03 1.480563207273246071e-14
1.383000000000000000e+03 1.436433613284115683e-14
1.384000000000000000e+03 1.434894439064848075e-14
1.385000000000000000e+03 1.398452571121855980e-14
1.386000000000000000e+03 1.377037673800333874e-14
1.387000000000000000e+03 1.351069316699118399e-14
1.388000000000000000e+03 1.306512054427434922e-14
1.389000000000000000e+03 1.281393392935261462e-14
1.390000000000000000e+03 1.276927004552947882e-14
1.391000000000000000e+03 1.253941336182851268e-14
1.392000000000000000e+03 1.214262982179262398e-14
1.393000000000000000e+03 1.195734830283813028e-14
1.394000000000000000e+03 1.176117730840224549e-14
1.395000000000000000e+03 1.142738020208945577e-14
1.396000000000000000e+03 1.116127242119804580e-14
1.397000000000000000e+03 1.102934410328026145e-14
1.398000000000000000e+03 1.088508283543391535e-14
1.399000000000000000e+03 1.063883389377236386e-14
1.400000000000000000e+03 1.034562438632884356e-14
1.401000000000000000e+03 1.028218555501136429e-14
1.402000000000000000e+03 1.011820836011198304e-14
1.403000000000000000e+03 9.899068392409199779e-15
1.404000000000000000e+03 9.548830252620507722e-15
1.405000000000000000e+03 9.311107677219364285e-15
1.406000000000000000e+03 9.215902774648810978e-15
1.407000000000000000e+03 9.069743769001341385e-15
1.408000000000000000e+03 8.976090437673259691e-15
1.409000000000000000e+03 8.755973193351333150e-15
1.410000000000000000e+03 8.596847874300685500e-15
1.411000000000000000e+03 8.391264626614687593e-15
1.412000000000000000e+03 8.245178022340460340e-15
1.413000000000000000e+03 8.136413994549222872e-15
1.414000000000000000e+03 7.889619456188182196e-15
1.415000000000000000e+03 7.763443382765853590e-15
1.416000000000000000e+03 7.657939482421150635e-15
1.417000000000000000e+03 7.564877586292100139e-15
1.418000000000000000e+03 7.371300938011559651e-15
1.419000000000000000e+03 7.199022330679601652e-15
1.420000000000000000e+03 7.160521282245363599e-15
1.421000000000000000e+03 6.968272637011973415e-15
1.422000000000000000e+03 6.940706396604122408e-15
1.423000000000000000e+03 6.717602472764944542e-15
1.424000000000000000e+03 6.452461184315544556e-15
1.425000000000000000e+03 6.530073214132919827e-15
1.426000000000000000e+03 6.270874249278341464e-15
1.427000000000000000e+03 6.049526940493980823e-15
1.428000000000000000e+03 6.092925617904253138e-15
1.429000000000000000e+03 5.930075893485587691e-15
1.430000000000000000e+03 5.881769431420271708e-15
1.431000000000000000e+03 5.838168801133974321e-15
1.432000000000000000e+03 5.633908572008540381e-15
1.433000000000000000e+03 5.434755340622806506e-15
1.434000000000000000e+03 5.529797091631598423e-15
1.435000000000000000e+03 5.359273042607120859e-15
1.436000000000000000e+03 5.300193493628439896e-15
1.437000000000000000e+03 5.152909887786149007e-15
1.438000000000000000e+03 5.023355360119130313e-15
1.439000000000000000e+03 4.867998476537200094e-15
1.440000000000000000e+03 4.817649375324209026e-15
1.441000000000000000e+03 4.806148250365303074e-15
1.442000000000000000e+03 4.780281465878155402e-15
1.443000000000000000e+03 4.596488872556402447e-15
1.444000000000000000e+03 4.546090886131314416e-15
1.445000000000000000e+03 4.454706048209617938e-15
1.446000000000000000e+03 4.319199888238752535e-15
1.447000000000000000e+03 4.391351341891645467e-15
1.448000000000000000e+03 4.306233814116706791e-15
1.449000000000000000e+03 4.269789968911365159e-15
1.450000000000000000e+03 4.348459925052116564e-15
1.451000000000000000e+03 4.025429640888024352e-15
1.452000000000000000e+03 4.001744610263250948e-15
1.453000000000000000e+03 4.262391003979580061e-15
1.454000000000000000e+03 3.754507387431128125e-15
1.455000000000000000e+03 3.884316137280761633e-15
1.456000000000000000e+03 3.802919316741762281e-15
1.457000000000000000e+03 3.739742463551307289e-15
1.458000000000000000e+03 3.668231581252934919e-15
1.459000000000000000e+03 3.451267930954228780e-15
1.460000000000000000e+03 3.698229850501180857e-15
1.461000000000000000e+03 3.418128118612257325e-15
1.462000000000000000e+03 3.391487310290773247e-15
1.463000000000000000e+03 3.500088440314301046e-15
1.464000000000000000e+03 3.394765702162104570e-15
1.465000000000000000e+03 3.234985614212401800e-15
1.466000000000000000e+03 3.017005971011907014e-15
1.467000000000000000e+03 3.107506179264094715e-15
1.468000000000000000e+03 2.952036287222412489e-15
1.469000000000000000e+03 3.036117708080928351e-15
1.470000000000000000e+03 3.270392581658082881e-15
1.471000000000000000e+03 2.958924481076689378e-15
1.472000000000000000e+03 3.035798441245878824e-15
1.473000000000000000e+03 2.772962709116028802e-15
1.474000000000000000e+03 2.949553617590955381e-15
1.475000000000000000e+03 2.670802790282025881e-15
1.476000000000000000e+03 2.971183222749900194e-15
1.477000000000000000e+03 2.651257466161024256e-15
1.478000000000000000e+03 2.566408855009284532e-15
1.479000000000000000e+03 2.600390233139045565e-15
1.480000000000000000e+03 2.701784340466810316e-15
1.481000000000000000e+03 2.604249078173002712e-15
1.482000000000000000e+03 2.395967547075021903e-15
1.483000000000000000e+03 2.926894559949300388e-15
1.484000000000000000e+03 2.633410596379248963e-15
1.485000000000000000e+03 2.542752930730591316e-15
1.486000000000000000e+03 2.404004008537434214e-15
1.487000000000000000e+03 2.351206426836841764e-15
1.488000000000000000e+03 2.523343109099513235e-15
1.489000000000000000e+03 2.453066762507728897e-15
1.490000000000000000e+03 2.250577744621315991e-15
1.491000000000000000e+03 2.369484468116515291e-15
1.492000000000000000e+03 2.720652560674915939e-15
1.493000000000000000e+03 2.185401267064489755e-15
1.494000000000000000e+03 2.267888146509337230e-15
1.495000000000000000e+03 2.339135779942877352e-15
1.496000000000000000e+03 1.990179541366255035e-15
1.497000000000000000e+03 1.857691424203622195e-15
1.498000000000000000e+03 2.146162175515680497e-15
1.499000000000000000e+03 2.169605327865265693e-15
1.500000000000000000e+03 1.847889884895809774e-15
1.501000000000000000e+03 2.152865751417791100e-15
1.502000000000000000e+03 2.177113478043406593e-15
1.503000000000000000e+03 2.047473523635857028e-15
1.504000000000000000e+03 2.125823357166043315e-15
1.505000000000000000e+03 1.978509627761523114e-15
1.506000000000000000e+03 1.790970907278125993e-15
1.507000000000000000e+03 2.000416705409417700e-15
1.508000000000000000e+03 1.642059815355622378e-15
1.509000000000000000e+03 1.913454479476328437e-15
1.510000000000000000e+03 2.066655472124613406e-15
1.511000000000000000e+03 1.693465320082509268e-15
1.512000000000000000e+03 1.703111177224641558e-15
1.513000000000000000e+03 2.090828006126920995e-15
1.514000000000000000e+03 2.079795274117676093e-15
1.515000000000000000e+03 1.883492364950850546e-15
1.516000000000000000e+03 1.741862385356916599e-15
1.517000000000000000e+03 1.928093655703111203e-15
1.518000000000000000e+03 1.877067408483920986e-15
1.519000000000000000e+03 1.799552518838667536e-15
1.520000000000000000e+03 1.662140803346318654e-15
1.521000000000000000e+03 1.719677686771591076e-15
1.522000000000000000e+03 1.786259182192535653e-15
1.523000000000000000e+03 1.602014844444455444e-15
1.524000000000000000e+03 1.993198504220339972e-15
1.525000000000000000e+03 1.908740977116236279e-15
1.526000000000000000e+03 2.295023287198338966e-15
1.527000000000000000e+03 1.668492311048977730e-15
1.528000000000000000e+03 1.962759911404204739e-15
1.529000000000000000e+03 1.982579644118238523e-15
1.530000000000000000e+03 1.558574638669624890e-15
1.531000000000000000e+03 1.742411761199676123e-15
1.532000000000000000e+03 1.746032504883770651e-15
1.533000000000000000e+03 1.986160167767391388e-15
1.534000000000000000e+03 1.751261709338760490e-15
1.535000000000000000e+03 1.592120653580066350e-15
1.536000000000000000e+03 1.659448570926541230e-15
1.537000000000000000e+03 1.832931162863958505e-15
1.538000000000000000e+03 1.479810717315315187e-15
1.539000000000000000e+03 1.444453227864582563e-15
1.540000000000000000e+03 1.732132659145650150e-15
1.541000000000000000e+03 2.150147550113245410e-15
1.542000000000000000e+03 1.646593255079533554e-15
1.543000000000000000e+03 1.318323091879002510e-15
1.544000000000000000e+03 1.847009094248098979e-15
1.545000000000000000e+03 1.645148798902422067e-15
1.546000000000000000e+03 1.483581442152279457e-15
1.547000000000000000e+03 1.553878289533571623e-15
1.548000000000000000e+03 1.356956518249402379e-15
1.549000000000000000e+03 1.358974107065354525e-15
1.550000000000000000e+03 1.593788465878395326e-15
1.551000000000000000e+03 1.456486737383553405e-15
1.552000000000000000e+03 1.548346146495271951e-15
1.553000000000000000e+03 1.669573651655997879e-15
1.554000000000000000e+03 1.465960936319789627e-15
1.555000000000000000e+03 1.443924691950262108e-15
1.556000000000000000e+03 1.536573113344452989e-15
1.557000000000000000e+03 1.464533980896321933e-15
1.558000000000000000e+03 1.312263525251903901e-15
1.559000000000000000e+03 1.477918850656254346e-15
1.560000000000000000e+03 1.513793476391639045e-15
1.561000000000000000e+03 1.603625987425529874e-15
1.562000000000000000e+03 1.416797788731498915e-15
1.563000000000000000e+03 1.309551354931264678e-15
1.564000000000000000e+03 1.399604221552435597e-15
1.565000000000000000e+03 1.293132157187611848e-15
1.566000000000000000e+03 1.583547264611015611e-15
1.567000000000000000e+03 1.488157577719357713e-15
1.568000000000000000e+03 1.595497455654898771e-15
1.569000000000000000e+03 1.542212582462661435e-15
1.570000000000000000e+03 1.732058077092274616e-15
1.571000000000000000e+03 1.761822096753510705e-15
1.572000000000000000e+03 1.831842633642661197e-15
1.573000000000000000e+03 1.460822146801228143e-15
1.574000000000000000e+03 1.463914076103795886e-15
1.575000000000000000e+03 1.660200304147224778e-15
1.576000000000000000e+03 1.626355796990140493e-15
1.577000000000000000e+03 1.293986268475548616e-15
1.578000000000000000e+03 1.272801138208084987e-15
1.579000000000000000e+03 1.754997249996732166e-15
1.580000000000000000e+03 1.815471439871989206e-15
1.581000000000000000e+03 1.398872994129922160e-15
1.582000000000000000e+03 1.594713947667454179e-15
1.583000000000000000e+03 1.529777707283037218e-15
1.584000000000000000e+03 2.134091778107071074e-15
1.585000000000000000e+03 1.889579092345256252e-15
1.586000000000000000e+03 1.546354765665304878e-15
1.587000000000000000e+03 2.073060500667706577e-15
1.588000000000000000e+03 1.595407475667918358e-15
1.589000000000000000e+03 1.616015213006525272e-15
1.590000000000000000e+03 1.476828463417634815e-15
1.591000000000000000e+03 1.340345028526881032e-15
1.592000000000000000e+03 1.590826246101857584e-15
1.593000000000000000e+03 1.245864460497082437e-15
1.594000000000000000e+03 1.479297464275839356e-15
1.595000000000000000e+03 1.388988109230662672e-15
1.596000000000000000e+03 1.515400557247920119e-15
1.597000000000000000e+03 1.750858977197770627e-15
1.598000000000000000e+03 1.782592027944446670e-15
1.599000000000000000e+03 1.966544970102766581e-15
1.600000000000000000e+03 1.485627866051930470e-15
1.601000000000000000e+03 1.678543129002311920e-15
1.602000000000000000e+03 1.964357082183830828e-15
1.603000000000000000e+03 1.331183357226593289e-15
1.604000000000000000e+03 1.595721648826341346e-15
1.605000000000000000e+03 1.500732999980751483e-15
1.606000000000000000e+03 1.652900267514643279e-15
1.607000000000000000e+03 1.438965050907733265e-15
1.608000000000000000e+03 1.752187588704093837e-15
1.609000000000000000e+03 1.310693109753697940e-15
1.610000000000000000e+03 1.574222596224221303e-15
1.611000000000000000e+03 1.646437177339292569e-15
1.612000000000000000e+03 1.602913083560025417e-15
1.613000000000000000e+03 1.384676207384492957e-15
1.614000000000000000e+03 1.466927612564656214e-15
1.615000000000000000e+03 1.366108682958652079e-15
1.616000000000000000e+03 1.613340383706871034e-15
1.617000000000000000e+03 1.401325174086051310e-15
1.618000000000000000e+03 1.875741569260322304e-15
1.619000000000000000e+03 1.566873914606892707e-15
1.620000000000000000e+03 2.017022518286966975e-15
1.621000000000000000e+03 1.499117253196360154e-15
1.622000000000000000e+03 1.512479573139051441e-15
1.623000000000000000e+03 1.199180822236496341e-15
1.624000000000000000e+03 1.672291722490981633e-15
1.625000000000000000e+03 1.389064489244080856e-15
1.626000000000000000e+03 1.413254324413542510e-15
1.627000000000000000e+03 1.540938126591835608e-15
1.628000000000000000e+03 1.797520046271309757e-15
1.629000000000000000e+03 1.903550658504154278e-15
1.630000000000000000e+03 2.033194275919769444e-15
1.631000000000000000e+03 1.777977375464736725e-15
1.632000000000000000e+03 1.807258276479038487e-15
1.633000000000000000e+03 1.267341450990739025e-15
1.634000000000000000e+03 1.630851460614155034e-15
1.635000000000000000e+03 1.956029387420676946e-15
1.636000000000000000e+03 1.722745612753554134e-15
1.637000000000000000e+03 1.858175251244037414e-15
1.638000000000000000e+03 1.583840654246159979e-15
1.639000000000000000e+03 1.449511055355849798e-15
1.640000000000000000e+03 1.404655293132226351e-15
1.641000000000000000e+03 1.713276869405624346e-15
1.642000000000000000e+03 1.292553300014323414e-15
1.643000000000000000e+03 1.576579609380997752e-15
1.644000000000000000e+03 1.649765659712846127e-15
1.645000000000000000e+03 1.225262460783943408e-15
1.646000000000000000e+03 1.403469261615014264e-15
1.647000000000000000e+03 1.283459542783774604e-15
1.648000000000000000e+03 1.351742662060587777e-15
1.649000000000000000e+03 1.568903461823244001e-15
1.650000000000000000e+03 1.712274231368721734e-15
1.651000000000000000e+03 1.226959829478151308e-15
1.652000000000000000e+03 1.230022647134589506e-15
1.653000000000000000e+03 1.389516002853561813e-15
1.654000000000000000e+03 1.536754097608282229e-15
1.655000000000000000e+03 1.250363168473910210e-15
1.656000000000000000e+03 1.344121557827550187e-15
1.657000000000000000e+03 1.539310007376580304e-15
1.658000000000000000e+03 1.848637080503974175e-15
1.659000000000000000e+03 1.660678121309285994e-15
1.660000000000000000e+03 1.373065049570276648e-15
1.661000000000000000e+03 1.269983189064571694e-15
1.662000000000000000e+03 1.384437026479417527e-15
1.663000000000000000e+03 1.424366709458675473e-15
1.664000000000000000e+03 1.610419835950918254e-15
1.665000000000000000e+03 1.454731367410769601e-15
1.666000000000000000e+03 1.549469658558258654e-15
1.667000000000000000e+03 1.397747717013343918e-15
1.668000000000000000e+03 1.755492929440001763e-15
1.669000000000000000e+03 1.682288390833817558e-15
1.670000000000000000e+03 1.659270939300754156e-15
1.671000000000000000e+03 1.280720183229937925e-15
1.672000000000000000e+03 1.406049969314692122e-15
1.673000000000000000e+03 1.467370537149349474e-15
1.674000000000000000e+03 1.106055594566263443e-15
1.675000000000000000e+03 1.407338511925126864e-15
1.676000000000000000e+03 2.014643951183259817e-15
1.677000000000000000e+03 1.354840366065238201e-15
1.678000000000000000e+03 1.202798523554876843e-15
1.679000000000000000e+03 1.156801404219429753e-15
1.680000000000000000e+03 1.169855984279206131e-15
1.681000000000000000e+03 1.499618679160203077e-15
1.682000000000000000e+03 1.383087223014995087e-15
1.683000000000000000e+03 1.576181461759714229e-15
1.684000000000000000e+03 1.304999091860393817e-15
1.685000000000000000e+03 1.256374501242404768e-15
1.686000000000000000e+03 1.460331279632914398e-15
1.687000000000000000e+03 1.320861968619908919e-15
1.688000000000000000e+03 1.434131601365674030e-15
1.689000000000000000e+03 1.358157116314406639e-15
1.690000000000000000e+03 1.309411232258442790e-15
1.691000000000000000e+03 1.374503000018425426e-15
1.692000000000000000e+03 1.258861876288453977e-15
1.693000000000000000e+03 1.131354016724147214e-15
1.694000000000000000e+03 1.567489113822814147e-15
1.695000000000000000e+03 1.590534185807424053e-15
1.696000000000000000e+03 1.811688253374922060e-15
1.697000000000000000e+03 1.784329257945925400e-15
1.698000000000000000e+03 1.711729929725095308e-15
1.699000000000000000e+03 1.394532448659518004e-15
1.700000000000000000e+03 1.396139981313586770e-15
1.701000000000000000e+03 1.770767623685889483e-15
1.702000000000000000e+03 1.412484735792371300e-15
1.703000000000000000e+03 1.630353757048465356e-15
1.704000000000000000e+03 1.665699612047849679e-15
1.705000000000000000e+03 1.752362087659382404e-15
1.706000000000000000e+03 1.420890793340028944e-15
1.707000000000000000e+03 1.630184991212807066e-15
1.708000000000000000e+03 1.487845463909648818e-15
1.709000000000000000e+03 1.334032704740816014e-15
1.710000000000000000e+03 1.374206463558793670e-15
1.711000000000000000e+03 1.491050638446444079e-15
1.712000000000000000e+03 1.519358609629685967e-15
1.713000000000000000e+03 1.648759315371445332e-15
1.714000000000000000e+03 1.977627153829694348e-15
1.715000000000000000e+03 1.427118850842059136e-15
1.716000000000000000e+03 1.557915253255994542e-15
1.717000000000000000e+03 1.406273339817218425e-15
1.718000000000000000e+03 2.072940469399658737e-15
1.719000000000000000e+03 1.417062441512174717e-15
1.720000000000000000e+03 1.723108054544362287e-15
1.721000000000000000e+03 1.745441567248821296e-15
1.722000000000000000e+03 1.801531429619601458e-15
1.723000000000000000e+03 1.428754918870446533e-15
1.724000000000000000e+03 1.458244633995035935e-15
1.725000000000000000e+03 1.568213838518315689e-15
1.726000000000000000e+03 1.452833309145803247e-15
1.727000000000000000e+03 1.521625784687109964e-15
1.728000000000000000e+03 1.507518432998364628e-15
1.729000000000000000e+03 1.561889785062054031e-15
1.730000000000000000e+03 1.309668036698891436e-15
1.731000000000000000e+03 1.562240244835457889e-15
1.732000000000000000e+03 1.391205731392620686e-15
1.733000000000000000e+03 1.080428719417792963e-15
1.734000000000000000e+03 1.707649308852897810e-15
1.735000000000000000e+03 1.733361983979856580e-15
1.736000000000000000e+03 1.608558241923872174e-15
1.737000000000000000e+03 1.624472046506884836e-15
1.738000000000000000e+03 1.182794286047004055e-15
1.739000000000000000e+03 1.240138402272836422e-15
1.740000000000000000e+03 1.325768634608756638e-15
1.741000000000000000e+03 1.563800935624985227e-15
1.742000000000000000e+03 1.699707759582263413e-15
1.743000000000000000e+03 1.576426992660858214e-15
1.744000000000000000e+03 1.544262985744712922e-15
1.745000000000000000e+03 1.524344558139400560e-15
1.746000000000000000e+03 1.519745751594770347e-15
1.747000000000000000e+03 1.520688455639567152e-15
1.748000000000000000e+03 1.602224839247678291e-15
1.749000000000000000e+03 1.590624589907153992e-15
1.750000000000000000e+03 1.467013848468189742e-15
1.751000000000000000e+03 1.419869433912057707e-15
1.752000000000000000e+03 1.309711984668731248e-15
1.753000000000000000e+03 1.705925307890760820e-15
1.754000000000000000e+03 1.705984491397071820e-15
1.755000000000000000e+03 1.619121171468643800e-15
1.756000000000000000e+03 1.429013776010050042e-15
1.757000000000000000e+03 1.591501060647162093e-15
1.758000000000000000e+03 1.447492505943838075e-15
1.759000000000000000e+03 1.273052538850906142e-15
1.760000000000000000e+03 1.379048136318493968e-15
1.761000000000000000e+03 1.439520226471681085e-15
1.762000000000000000e+03 1.411046844386963074e-15
1.763000000000000000e+03 1.273244291414512380e-15
1.764000000000000000e+03 1.539361083451021552e-15
1.765000000000000000e+03 1.300056585956735526e-15
1.766000000000000000e+03 1.505121911744708618e-15
1.767000000000000000e+03 1.885228820550044196e-15
1.768000000000000000e+03 1.438232762107864539e-15
1.769000000000000000e+03 1.658320416426815894e-15
1.770000000000000000e+03 1.446345415260211648e-15
1.771000000000000000e+03 1.489441086861499338e-15
1.772000000000000000e+03 1.277108086311433439e-15
1.773000000000000000e+03 1.301633121692815080e-15
1.774000000000000000e+03 1.167619892723829863e-15
1.775000000000000000e+03 1.315574980989547995e-15
1.776000000000000000e+03 1.562294870239383886e-15
1.777000000000000000e+03 1.486747579489649190e-15
1.778000000000000000e+03 1.529708141049358456e-15
1.779000000000000000e+03 1.347478859538481429e-15
1.780000000000000000e+03 1.635887040654994546e-15
1.781000000000000000e+03 1.252345681875943493e-15
1.782000000000000000e+03 1.366973734608481748e-15
1.783000000000000000e+03 1.302314859154913790e-15
1.784000000000000000e+03 1.475365605720766385e-15
1.785000000000000000e+03 1.378763739421366840e-15
1.786000000000000000e+03 1.155462714136143024e-15
