1.000000000000000000e+00 0.000000000000000000e+00
2.000000000000000000e+00 7.355157367927342982e-01
3.000000000000000000e+00 5.509604179361180520e-01
4.000000000000000000e+00 7.960064157479748159e-01
5.000000000000000000e+00 1.000000000000000000e+00
6.000000000000000000e+00 1.073250824556517324e+00
7.000000000000000000e+00 1.013755960697438008e+00
8.000000000000000000e+00 8.739301238773011793e-01
9.000000000000000000e+00 7.284475519112694197e-01
1.000000000000000000e+01 5.894605712027189970e-01
1.100000000000000000e+01 4.662915867162172323e-01
1.200000000000000000e+01 3.715112623607113584e-01
1.300000000000000000e+01 3.004638597902349328e-01
1.400000000000000000e+01 2.452297508093879141e-01
1.500000000000000000e+01 1.879409007329534420e-01
1.600000000000000000e+01 1.331784186021116589e-01
1.700000000000000000e+01 9.492807342627401779e-02
1.800000000000000000e+01 6.974803575730914584e-02
1.900000000000000000e+01 5.078490296136052573e-02
2.000000000000000000e+01 3.635472777136555811e-02
2.100000000000000000e+01 2.550303498665459218e-02
2.200000000000000000e+01 1.713572117260440605e-02
2.300000000000000000e+01 1.102432789474898714e-02
2.400000000000000000e+01 5.304633000822839631e-03
2.500000000000000000e+01 3.136579754878015148e-03
2.600000000000000000e+01 2.844170414919444320e-03
2.700000000000000000e+01 3.744929968649249492e-03
2.800000000000000000e+01 4.671371572217569018e-03
2.900000000000000000e+01 5.387507565937171838e-03
3.000000000000000000e+01 5.933487015146124248e-03
3.100000000000000000e+01 6.275242947507325524e-03
3.200000000000000000e+01 6.475154452647493598e-03
3.300000000000000000e+01 6.683090318346332839e-03
3.400000000000000000e+01 6.944739174861856018e-03
3.500000000000000000e+01 7.292793939049880929e-03
3.600000000000000000e+01 7.553887559607021761e-03
3.700000000000000000e+01 7.811803321375259714e-03
3.800000000000000000e+01 7.947448376218291949e-03
3.900000000000000000e+01 7.888775447659772747e-03
4.000000000000000000e+01 7.906251775675164281e-03
4.100000000000000000e+01 7.874304279618615093e-03
4.200000000000000000e+01 7.664070802186410437e-03
4.300000000000000000e+01 7.239931035272787960e-03
4.400000000000000000e+01 6.751247152051410676e-03
4.500000000000000000e+01 6.288167809459909580e-03
4.600000000000000000e+01 5.895263160061656182e-03
4.700000000000000000e+01 5.471367317010662930e-03
4.800000000000000000e+01 5.071378208507947537e-03
4.900000000000000000e+01 4.695660584186001595e-03
5.000000000000000000e+01 4.312198934601365642e-03
5.100000000000000000e+01 3.926012001520275650e-03
5.200000000000000000e+01 3.553643333808438783e-03
5.300000000000000000e+01 3.279838218878151912e-03
5.400000000000000000e+01 2.958509831253023237e-03
5.500000000000000000e+01 2.581899489676256487e-03
5.600000000000000000e+01 2.307697891407149964e-03
5.700000000000000000e+01 2.250391261453872464e-03
5.800000000000000000e+01 2.300612268641949020e-03
5.900000000000000000e+01 2.402592907980091556e-03
6.000000000000000000e+01 2.531894071496444427e-03
6.100000000000000000e+01 2.674086364160875497e-03
6.200000000000000000e+01 2.825223964403978522e-03
6.300000000000000000e+01 2.976367274294609757e-03
6.400000000000000000e+01 3.115374454155178923e-03
6.500000000000000000e+01 3.232343673089960005e-03
6.600000000000000000e+01 3.322253422669144748e-03
6.700000000000000000e+01 3.385278404793432092e-03
6.800000000000000000e+01 3.422011968163991228e-03
6.900000000000000000e+01 3.430080072922354201e-03
7.000000000000000000e+01 3.407898490664193220e-03
7.100000000000000000e+01 3.357786858644918378e-03
7.200000000000000000e+01 3.280370154943532731e-03
7.300000000000000000e+01 3.179907797025526353e-03
7.400000000000000000e+01 3.064536297943026236e-03
7.500000000000000000e+01 2.945374391596151074e-03
7.600000000000000000e+01 2.847012152743077628e-03
7.700000000000000000e+01 2.756802218620617306e-03
7.800000000000000000e+01 2.679702069326179298e-03
7.900000000000000000e+01 2.613030203781424587e-03
8.000000000000000000e+01 2.549033236036544504e-03
8.100000000000000000e+01 2.484315877546887548e-03
8.200000000000000000e+01 2.417556299998975273e-03
8.300000000000000000e+01 2.349705819095705868e-03
8.400000000000000000e+01 2.281330150729715851e-03
8.500000000000000000e+01 2.213122933914633654e-03
8.600000000000000000e+01 2.145720753235884088e-03
8.700000000000000000e+01 2.079641220922965814e-03
8.800000000000000000e+01 2.015276761780893881e-03
8.900000000000000000e+01 1.952783418807104918e-03
9.000000000000000000e+01 1.892283191203164875e-03
9.100000000000000000e+01 1.833947629992171762e-03
9.200000000000000000e+01 1.777647845522482579e-03
9.300000000000000000e+01 1.722900389700072424e-03
9.400000000000000000e+01 1.669338897497351856e-03
9.500000000000000000e+01 1.616824365441323248e-03
9.600000000000000000e+01 1.565362246055347368e-03
9.700000000000000000e+01 1.515157992060259078e-03
9.800000000000000000e+01 1.466112869769391810e-03
9.900000000000000000e+01 1.418247512354170892e-03
1.000000000000000000e+02 1.371721160451452697e-03
1.010000000000000000e+02 1.325856991992488193e-03
1.020000000000000000e+02 1.283078290592852295e-03
1.030000000000000000e+02 1.243227042852661267e-03
1.040000000000000000e+02 1.204948387838357740e-03
1.050000000000000000e+02 1.168014638306457808e-03
1.060000000000000000e+02 1.131995611377322472e-03
1.070000000000000000e+02 1.096124427073881871e-03
1.080000000000000000e+02 1.059164029031596814e-03
1.090000000000000000e+02 1.021875913282642434e-03
1.100000000000000000e+02 9.851659456830549541e-04
1.110000000000000000e+02 9.478231861524429426e-04
1.120000000000000000e+02 9.096359458725098747e-04
1.130000000000000000e+02 8.719616498983926789e-04
1.140000000000000000e+02 8.361628800486406183e-04
1.150000000000000000e+02 8.027111245391094999e-04
1.160000000000000000e+02 7.713156411606175017e-04
1.170000000000000000e+02 7.416586732264790873e-04
1.180000000000000000e+02 7.135504784455617847e-04
1.190000000000000000e+02 6.870675376388306723e-04
1.200000000000000000e+02 6.622827930511986441e-04
1.210000000000000000e+02 6.391119915762420549e-04
1.220000000000000000e+02 6.174650607362360119e-04
1.230000000000000000e+02 5.972081099717501361e-04
1.240000000000000000e+02 5.781714722328479229e-04
1.250000000000000000e+02 5.601022074993620243e-04
1.260000000000000000e+02 5.429282470235586482e-04
1.270000000000000000e+02 5.265912029471251157e-04
1.280000000000000000e+02 5.110247261123022347e-04
1.290000000000000000e+02 4.961922322543870639e-04
1.300000000000000000e+02 4.823904370125944819e-04
1.310000000000000000e+02 4.681104467646136826e-04
1.320000000000000000e+02 4.538383226712430513e-04
1.330000000000000000e+02 4.398759291308629044e-04
1.340000000000000000e+02 4.263612439090375453e-04
1.350000000000000000e+02 4.133307269401512510e-04
1.360000000000000000e+02 4.008008198746248270e-04
1.370000000000000000e+02 3.887954006988306090e-04
1.380000000000000000e+02 3.773164383923538218e-04
1.390000000000000000e+02 3.663421730260444167e-04
1.400000000000000000e+02 3.558372003749194715e-04
1.410000000000000000e+02 3.457648949084925032e-04
1.420000000000000000e+02 3.360915191331738448e-04
1.430000000000000000e+02 3.267897053752087276e-04
1.440000000000000000e+02 3.178345315409246310e-04
1.450000000000000000e+02 3.092052004042465880e-04
1.460000000000000000e+02 3.008979077629452730e-04
1.470000000000000000e+02 2.928486651016013560e-04
1.480000000000000000e+02 2.850709885092746047e-04
1.490000000000000000e+02 2.775512793076910295e-04
1.500000000000000000e+02 2.702733823225343278e-04
1.510000000000000000e+02 2.632281695000394462e-04
1.520000000000000000e+02 2.564015346573645651e-04
1.530000000000000000e+02 2.497893191715746847e-04
1.540000000000000000e+02 2.433830820361986187e-04
1.550000000000000000e+02 2.371760389491105322e-04
1.560000000000000000e+02 2.311578457768279776e-04
1.570000000000000000e+02 2.253169136232398696e-04
1.580000000000000000e+02 2.196524454734054819e-04
1.590000000000000000e+02 2.141535510579378548e-04
1.600000000000000000e+02 2.088119716988553749e-04
1.610000000000000000e+02 2.036227985150388504e-04
1.620000000000000000e+02 1.985790311906525428e-04
1.630000000000000000e+02 1.936757601040929534e-04
1.640000000000000000e+02 1.889082691670487314e-04
1.650000000000000000e+02 1.842721894593218207e-04
1.660000000000000000e+02 1.797644174496132159e-04
1.670000000000000000e+02 1.753812226024098735e-04
1.680000000000000000e+02 1.711191875174626164e-04
1.690000000000000000e+02 1.669751140861692291e-04
1.700000000000000000e+02 1.629502478096346867e-04
1.710000000000000000e+02 1.590403249287652586e-04
1.720000000000000000e+02 1.552360919184299012e-04
1.730000000000000000e+02 1.515334179900331573e-04
1.740000000000000000e+02 1.479295158716386325e-04
1.750000000000000000e+02 1.444218096479040782e-04
1.760000000000000000e+02 1.410087679514309919e-04
1.770000000000000000e+02 1.376886056855939244e-04
1.780000000000000000e+02 1.344589993594799682e-04
1.790000000000000000e+02 1.313175909595107544e-04
1.800000000000000000e+02 1.282614855937859227e-04
1.810000000000000000e+02 1.252880548898962414e-04
1.820000000000000000e+02 1.223948431485459706e-04
1.830000000000000000e+02 1.195793911340301951e-04
1.840000000000000000e+02 1.168394048133458192e-04
1.850000000000000000e+02 1.141721417918170611e-04
1.860000000000000000e+02 1.115750366656828070e-04
1.870000000000000000e+02 1.090457199933542810e-04
1.880000000000000000e+02 1.065818389435815714e-04
1.890000000000000000e+02 1.041811596799278200e-04
1.900000000000000000e+02 1.018418707465992709e-04
1.910000000000000000e+02 9.956283132747560194e-05
1.920000000000000000e+02 9.734161305747773688e-05
1.930000000000000000e+02 9.517496813104804696e-05
1.940000000000000000e+02 9.306210424622052670e-05
1.950000000000000000e+02 9.100193390118195146e-05
1.960000000000000000e+02 8.899381883965276022e-05
1.970000000000000000e+02 8.703464685627501282e-05
1.980000000000000000e+02 8.512310384320342298e-05
1.990000000000000000e+02 8.325812820814977979e-05
2.000000000000000000e+02 8.143829978648204466e-05
2.010000000000000000e+02 7.966235310486191612e-05
2.020000000000000000e+02 7.792859802612378268e-05
2.030000000000000000e+02 7.623766340544376092e-05
2.040000000000000000e+02 7.458731833488768854e-05
2.050000000000000000e+02 7.297486567283065629e-05
2.060000000000000000e+02 7.139912734886273628e-05
2.070000000000000000e+02 6.985936976039730528e-05
2.080000000000000000e+02 6.835517038611098740e-05
2.090000000000000000e+02 6.688613419686913523e-05
2.100000000000000000e+02 6.545161262241001616e-05
2.110000000000000000e+02 6.405150589402799053e-05
2.120000000000000000e+02 6.268461601033376463e-05
2.130000000000000000e+02 6.135001281517388997e-05
2.140000000000000000e+02 6.004699095564677814e-05
2.150000000000000000e+02 5.877432951293306288e-05
2.160000000000000000e+02 5.753124271942490340e-05
2.170000000000000000e+02 5.631676679409239490e-05
2.180000000000000000e+02 5.513008611531381619e-05
2.190000000000000000e+02 5.397050173634839116e-05
2.200000000000000000e+02 5.283721088095224297e-05
2.210000000000000000e+02 5.172937285841709362e-05
2.220000000000000000e+02 5.064666604367732620e-05
2.230000000000000000e+02 4.958805809096861336e-05
2.240000000000000000e+02 4.855313083485111229e-05
2.250000000000000000e+02 4.754112974251246688e-05
2.260000000000000000e+02 4.655182848880197883e-05
2.270000000000000000e+02 4.558423176994335507e-05
2.280000000000000000e+02 4.463799581284434769e-05
2.290000000000000000e+02 4.371263436408918946e-05
2.300000000000000000e+02 4.280770308579338716e-05
2.310000000000000000e+02 4.192241822019075428e-05
2.320000000000000000e+02 4.105665948977670738e-05
2.330000000000000000e+02 4.020968125990010344e-05
2.340000000000000000e+02 3.938121108036714171e-05
2.350000000000000000e+02 3.857052103871128632e-05
2.360000000000000000e+02 3.777740349331985917e-05
2.370000000000000000e+02 3.700140605157974360e-05
2.380000000000000000e+02 3.624208937286416739e-05
2.390000000000000000e+02 3.549917174986604506e-05
2.400000000000000000e+02 3.477212171458003644e-05
2.410000000000000000e+02 3.406067994240124050e-05
2.420000000000000000e+02 3.336442129271401319e-05
2.430000000000000000e+02 3.268292871873523336e-05
2.440000000000000000e+02 3.201612412946932374e-05
2.450000000000000000e+02 3.136342314875615136e-05
2.460000000000000000e+02 3.072461404151995471e-05
2.470000000000000000e+02 3.009925727640626536e-05
2.480000000000000000e+02 2.948731797010367800e-05
2.490000000000000000e+02 2.888826128203446237e-05
2.500000000000000000e+02 2.830177062720040808e-05
2.510000000000000000e+02 2.772768421384312208e-05
2.520000000000000000e+02 2.716580745987508760e-05
2.530000000000000000e+02 2.661558182390866433e-05
2.540000000000000000e+02 2.607696355569702213e-05
2.550000000000000000e+02 2.554940839839169926e-05
2.560000000000000000e+02 2.503326985595157218e-05
2.570000000000000000e+02 2.452761257040433465e-05
2.580000000000000000e+02 2.403255920375389280e-05
2.590000000000000000e+02 2.354792461630266756e-05
2.600000000000000000e+02 2.307318526798862428e-05
2.610000000000000000e+02 2.260850396426093529e-05
2.620000000000000000e+02 2.215338573234322861e-05
2.630000000000000000e+02 2.170744618028057894e-05
2.640000000000000000e+02 2.127097183800126276e-05
2.650000000000000000e+02 2.084347151792866184e-05
2.660000000000000000e+02 2.042478544307871002e-05
2.670000000000000000e+02 2.001462126401137124e-05
2.680000000000000000e+02 1.961294825210084519e-05
2.690000000000000000e+02 1.921921416731920096e-05
2.700000000000000000e+02 1.883373877478641337e-05
2.710000000000000000e+02 1.845636910710450764e-05
2.720000000000000000e+02 1.808687836875294525e-05
2.730000000000000000e+02 1.772483931087637224e-05
2.740000000000000000e+02 1.737035106967164293e-05
2.750000000000000000e+02 1.702286764720794336e-05
2.760000000000000000e+02 1.668251189496101404e-05
2.770000000000000000e+02 1.634920333062104636e-05
2.780000000000000000e+02 1.602259102200628875e-05
2.790000000000000000e+02 1.570253151931282249e-05
2.800000000000000000e+02 1.538899780390403502e-05
2.810000000000000000e+02 1.508181896590720557e-05
2.820000000000000000e+02 1.478097847026759090e-05
2.830000000000000000e+02 1.448612977855065645e-05
2.840000000000000000e+02 1.419737689634638042e-05
2.850000000000000000e+02 1.391440189431924377e-05
2.860000000000000000e+02 1.363710091637466447e-05
2.870000000000000000e+02 1.336543879378054804e-05
2.880000000000000000e+02 1.309927766919533118e-05
2.890000000000000000e+02 1.283853280163104448e-05
2.900000000000000000e+02 1.258304808037064254e-05
2.910000000000000000e+02 1.233258214856354830e-05
2.920000000000000000e+02 1.208731469674196723e-05
2.930000000000000000e+02 1.184697978897647333e-05
2.940000000000000000e+02 1.161139496898021858e-05
2.950000000000000000e+02 1.138067622452204788e-05
2.960000000000000000e+02 1.115452022942640835e-05
2.970000000000000000e+02 1.093290018869199989e-05
2.980000000000000000e+02 1.071574365138997377e-05
2.990000000000000000e+02 1.050299879670854511e-05
3.000000000000000000e+02 1.029448148285299587e-05
3.010000000000000000e+02 1.009007445528843457e-05
3.020000000000000000e+02 9.890017329447328939e-06
3.030000000000000000e+02 9.693620484981224154e-06
3.040000000000000000e+02 9.501468264086164925e-06
3.050000000000000000e+02 9.313008428254534353e-06
3.060000000000000000e+02 9.128230236655869578e-06
3.070000000000000000e+02 8.947420524025011612e-06
3.080000000000000000e+02 8.770040645519762125e-06
3.090000000000000000e+02 8.596177593619145821e-06
3.100000000000000000e+02 8.425873820332145742e-06
3.110000000000000000e+02 8.258972149720691754e-06
3.120000000000000000e+02 8.095473785835990941e-06
3.130000000000000000e+02 7.934994319610182717e-06
3.140000000000000000e+02 7.777954785658034164e-06
3.150000000000000000e+02 7.623924137764737520e-06
3.160000000000000000e+02 7.473001246782509294e-06
3.170000000000000000e+02 7.325161275493968441e-06
3.180000000000000000e+02 7.180094869241207032e-06
3.190000000000000000e+02 7.038139437201816842e-06
3.200000000000000000e+02 6.898753723814241625e-06
3.210000000000000000e+02 6.762446064802027609e-06
3.220000000000000000e+02 6.628534452496065031e-06
3.230000000000000000e+02 6.497615927167604229e-06
3.240000000000000000e+02 6.369039192454701052e-06
3.250000000000000000e+02 6.243076253128732633e-06
3.260000000000000000e+02 6.119720943838504479e-06
3.270000000000000000e+02 5.998629572956056845e-06
3.280000000000000000e+02 5.880169318360155788e-06
3.290000000000000000e+02 5.763987862082465870e-06
3.300000000000000000e+02 5.650111555612204078e-06
3.310000000000000000e+02 5.538441965978844683e-06
3.320000000000000000e+02 5.428988614471094757e-06
3.330000000000000000e+02 5.321780438583278745e-06
3.340000000000000000e+02 5.216628006810782802e-06
3.350000000000000000e+02 5.113501764742536487e-06
3.360000000000000000e+02 5.012558869112109747e-06
3.370000000000000000e+02 4.913606466785241268e-06
3.380000000000000000e+02 4.816566298262609126e-06
3.390000000000000000e+02 4.721509477735969980e-06
3.400000000000000000e+02 4.628263702139847736e-06
3.410000000000000000e+02 4.536897142006000947e-06
3.420000000000000000e+02 4.447373889571060737e-06
3.430000000000000000e+02 4.359520848519463035e-06
3.440000000000000000e+02 4.273537678281935259e-06
3.450000000000000000e+02 4.189170767042766693e-06
3.460000000000000000e+02 4.106456939925524267e-06
3.470000000000000000e+02 4.025502520334772485e-06
3.480000000000000000e+02 3.946041153566817180e-06
3.490000000000000000e+02 3.868188441207941056e-06
3.500000000000000000e+02 3.791901764001959723e-06
3.510000000000000000e+02 3.717110659415396576e-06
3.520000000000000000e+02 3.643592957286907752e-06
3.530000000000000000e+02 3.571916280800843636e-06
3.540000000000000000e+02 3.501425572914806659e-06
3.550000000000000000e+02 3.432336811928943959e-06
3.560000000000000000e+02 3.364629375762464631e-06
3.570000000000000000e+02 3.298331899547259969e-06
3.580000000000000000e+02 3.233261714190035500e-06
3.590000000000000000e+02 3.169461829295233146e-06
3.600000000000000000e+02 3.107037279089020076e-06
3.610000000000000000e+02 3.045680483176093859e-06
3.620000000000000000e+02 2.985686149268374875e-06
3.630000000000000000e+02 2.926892321671319219e-06
3.640000000000000000e+02 2.869072694508816960e-06
3.650000000000000000e+02 2.812589906507724245e-06
3.660000000000000000e+02 2.757169775921014700e-06
3.670000000000000000e+02 2.702853123648152032e-06
3.680000000000000000e+02 2.649471871366327275e-06
3.690000000000000000e+02 2.597335562752186153e-06
3.700000000000000000e+02 2.546139024906648146e-06
3.710000000000000000e+02 2.495945284922883528e-06
3.720000000000000000e+02 2.446756380104067922e-06
3.730000000000000000e+02 2.398536304116529680e-06
3.740000000000000000e+02 2.351193176733526144e-06
3.750000000000000000e+02 2.304947540840457245e-06
3.760000000000000000e+02 2.259377412328672641e-06
3.770000000000000000e+02 2.214889151325628999e-06
3.780000000000000000e+02 2.171242686596539161e-06
3.790000000000000000e+02 2.128478464086801659e-06
3.800000000000000000e+02 2.086480856781107382e-06
3.810000000000000000e+02 2.045360669496543721e-06
3.820000000000000000e+02 2.004889754651292060e-06
3.830000000000000000e+02 1.965453281844329116e-06
3.840000000000000000e+02 1.926810782043351422e-06
3.850000000000000000e+02 1.888785843615145418e-06
3.860000000000000000e+02 1.851527896342396076e-06
3.870000000000000000e+02 1.815070890196953013e-06
3.880000000000000000e+02 1.779323460548255024e-06
3.890000000000000000e+02 1.744173555641996617e-06
3.900000000000000000e+02 1.709893566120407519e-06
3.910000000000000000e+02 1.676270036299165564e-06
3.920000000000000000e+02 1.643195131043826136e-06
3.930000000000000000e+02 1.610779466062091059e-06
3.940000000000000000e+02 1.579107873885680014e-06
3.950000000000000000e+02 1.548004876832637567e-06
3.960000000000000000e+02 1.517566066535348777e-06
3.970000000000000000e+02 1.487585326227446009e-06
3.980000000000000000e+02 1.458306741643102430e-06
3.990000000000000000e+02 1.429605184083496909e-06
4.000000000000000000e+02 1.401332621514091924e-06
4.010000000000000000e+02 1.373880589449191191e-06
4.020000000000000000e+02 1.346851728208405245e-06
4.030000000000000000e+02 1.320210916199139645e-06
4.040000000000000000e+02 1.294283973314372922e-06
4.050000000000000000e+02 1.268748718793904431e-06
4.060000000000000000e+02 1.243787122239923285e-06
4.070000000000000000e+02 1.219206741374231974e-06
4.080000000000000000e+02 1.195252373161304234e-06
4.090000000000000000e+02 1.171677188893305283e-06
4.100000000000000000e+02 1.148651984727793792e-06
4.110000000000000000e+02 1.125981801413464995e-06
4.120000000000000000e+02 1.103851435511281626e-06
4.130000000000000000e+02 1.082056456727742542e-06
4.140000000000000000e+02 1.060781547606236462e-06
4.150000000000000000e+02 1.039885272668523008e-06
4.160000000000000000e+02 1.019346340636212472e-06
4.170000000000000000e+02 9.992821672694628968e-07
4.180000000000000000e+02 9.796196473836590437e-07
4.190000000000000000e+02 9.603360313772522593e-07
4.200000000000000000e+02 9.414619215569944082e-07
4.210000000000000000e+02 9.228902676299927617e-07
4.220000000000000000e+02 9.046913400579233161e-07
4.230000000000000000e+02 8.868506348483806832e-07
4.240000000000000000e+02 8.694957411875948281e-07
4.250000000000000000e+02 8.523320801091066159e-07
4.260000000000000000e+02 8.354664780525126928e-07
4.270000000000000000e+02 8.190213431921239460e-07
4.280000000000000000e+02 8.029323639422879956e-07
4.290000000000000000e+02 7.871744804543470162e-07
4.300000000000000000e+02 7.715757619984295051e-07
4.310000000000000000e+02 7.563675428722891072e-07
4.320000000000000000e+02 7.416215424646195164e-07
4.330000000000000000e+02 7.269193680373034739e-07
4.340000000000000000e+02 7.125067597616611465e-07
4.350000000000000000e+02 6.986408497679672098e-07
4.360000000000000000e+02 6.848867049337676870e-07
4.370000000000000000e+02 6.713984817772657408e-07
4.380000000000000000e+02 6.580716074994651752e-07
4.390000000000000000e+02 6.450599344557165429e-07
4.400000000000000000e+02 6.324841847649228373e-07
4.410000000000000000e+02 6.200280976670935622e-07
4.420000000000000000e+02 6.077367937064820981e-07
4.430000000000000000e+02 5.958374749278245008e-07
4.440000000000000000e+02 5.841110326017533207e-07
4.450000000000000000e+02 5.726472249451797379e-07
4.460000000000000000e+02 5.613228176743239891e-07
4.470000000000000000e+02 5.502573005737943640e-07
4.480000000000000000e+02 5.394827972088831346e-07
4.490000000000000000e+02 5.288155596304990629e-07
4.500000000000000000e+02 5.183856655408910695e-07
4.510000000000000000e+02 5.081633251602220093e-07
4.520000000000000000e+02 4.981860000719093765e-07
4.530000000000000000e+02 4.883826691988443495e-07
4.540000000000000000e+02 4.787423544825730666e-07
4.550000000000000000e+02 4.693226234389151178e-07
4.560000000000000000e+02 4.600882292974117110e-07
4.570000000000000000e+02 4.510751503198765090e-07
4.580000000000000000e+02 4.421022657543010828e-07
4.590000000000000000e+02 4.334538130253268887e-07
4.600000000000000000e+02 4.249348479887538286e-07
4.610000000000000000e+02 4.165428736638649731e-07
4.620000000000000000e+02 4.083685590746471182e-07
4.630000000000000000e+02 4.003266522210583048e-07
4.640000000000000000e+02 3.923751033323772582e-07
4.650000000000000000e+02 3.846999514150473929e-07
4.660000000000000000e+02 3.771670953323556964e-07
4.670000000000000000e+02 3.697332024963815144e-07
4.680000000000000000e+02 3.623967577204320192e-07
4.690000000000000000e+02 3.552998979844669633e-07
4.700000000000000000e+02 3.482438151758910720e-07
4.710000000000000000e+02 3.414342341812861343e-07
4.720000000000000000e+02 3.347419151445201825e-07
4.730000000000000000e+02 3.280965551171116522e-07
4.740000000000000000e+02 3.216269391299066000e-07
4.750000000000000000e+02 3.153262640576998898e-07
4.760000000000000000e+02 3.091897935850805651e-07
4.770000000000000000e+02 3.030544409630689599e-07
4.780000000000000000e+02 2.970294028953727021e-07
4.790000000000000000e+02 2.912521463665900560e-07
4.800000000000000000e+02 2.854660012210490504e-07
4.810000000000000000e+02 2.798092498787537928e-07
4.820000000000000000e+02 2.743866446789045962e-07
4.830000000000000000e+02 2.689443310026099325e-07
4.840000000000000000e+02 2.636223277793457485e-07
4.850000000000000000e+02 2.585255766234167973e-07
4.860000000000000000e+02 2.534010526622544407e-07
4.870000000000000000e+02 2.483740732954325962e-07
4.880000000000000000e+02 2.434949721048508753e-07
4.890000000000000000e+02 2.387189309956334885e-07
4.900000000000000000e+02 2.340089285587237817e-07
4.910000000000000000e+02 2.293890783048887767e-07
4.920000000000000000e+02 2.249074809692835029e-07
4.930000000000000000e+02 2.204397807608350132e-07
4.940000000000000000e+02 2.160698599378021029e-07
4.950000000000000000e+02 2.119168341160964643e-07
4.960000000000000000e+02 2.076216506261538387e-07
4.970000000000000000e+02 2.036569464261913221e-07
4.980000000000000000e+02 1.995954866432793018e-07
4.990000000000000000e+02 1.956569855383003582e-07
5.000000000000000000e+02 1.917460787141756643e-07
5.010000000000000000e+02 1.881159644473570268e-07
5.020000000000000000e+02 1.842603083838598096e-07
5.030000000000000000e+02 1.807955196264598787e-07
5.040000000000000000e+02 1.771357107215620484e-07
5.050000000000000000e+02 1.736700211441823348e-07
5.060000000000000000e+02 1.701509435353186067e-07
5.070000000000000000e+02 1.668804128789437308e-07
5.080000000000000000e+02 1.636356667000630460e-07
5.090000000000000000e+02 1.603781098420128015e-07
5.100000000000000000e+02 1.572831304532982725e-07
5.110000000000000000e+02 1.541049869483682283e-07
5.120000000000000000e+02 1.510518989470041917e-07
5.130000000000000000e+02 1.481993610824510094e-07
5.140000000000000000e+02 1.451630068041325114e-07
5.150000000000000000e+02 1.423417738792035122e-07
5.160000000000000000e+02 1.395418702042432791e-07
5.170000000000000000e+02 1.367989103441522367e-07
5.180000000000000000e+02 1.341219425010223338e-07
5.190000000000000000e+02 1.314336082531131828e-07
5.200000000000000000e+02 1.288835368815720811e-07
5.210000000000000000e+02 1.263268372485536470e-07
5.220000000000000000e+02 1.238286119256897850e-07
5.230000000000000000e+02 1.213923012066202005e-07
5.240000000000000000e+02 1.190184148665073931e-07
5.250000000000000000e+02 1.166263704659902993e-07
5.260000000000000000e+02 1.144449958835026375e-07
5.270000000000000000e+02 1.121147733874403003e-07
5.280000000000000000e+02 1.099534975301500683e-07
5.290000000000000000e+02 1.076939710588456275e-07
5.300000000000000000e+02 1.056620448930352116e-07
5.310000000000000000e+02 1.035329946974341930e-07
5.320000000000000000e+02 1.016005648781456231e-07
5.330000000000000000e+02 9.938692455971294346e-08
5.340000000000000000e+02 9.753094209111025492e-08
5.350000000000000000e+02 9.570851314498428092e-08
5.360000000000000000e+02 9.374200057256312395e-08
5.370000000000000000e+02 9.196954012493053840e-08
5.380000000000000000e+02 9.009930612618453956e-08
5.390000000000000000e+02 8.831196913400477825e-08
5.400000000000000000e+02 8.661098392127866568e-08
5.410000000000000000e+02 8.477809450870903911e-08
5.420000000000000000e+02 8.329875456229361516e-08
5.430000000000000000e+02 8.159310187331189684e-08
5.440000000000000000e+02 7.984895995635440692e-08
5.450000000000000000e+02 7.840479956482181042e-08
5.460000000000000000e+02 7.681072240951158731e-08
5.470000000000000000e+02 7.529362419284553795e-08
5.480000000000000000e+02 7.390633775157491993e-08
5.490000000000000000e+02 7.242548743410316264e-08
5.500000000000000000e+02 7.091297970174008651e-08
5.510000000000000000e+02 6.963497342373507018e-08
5.520000000000000000e+02 6.816897706431633907e-08
5.530000000000000000e+02 6.684545738730258990e-08
5.540000000000000000e+02 6.560317780155905908e-08
5.550000000000000000e+02 6.422050864664498142e-08
5.560000000000000000e+02 6.292757740953114596e-08
5.570000000000000000e+02 6.174937554636625746e-08
5.580000000000000000e+02 6.057746889453956173e-08
5.590000000000000000e+02 5.929096289385801298e-08
5.600000000000000000e+02 5.812977928910518018e-08
5.610000000000000000e+02 5.701256186013061580e-08
5.620000000000000000e+02 5.591417884929027428e-08
5.630000000000000000e+02 5.487115507691519263e-08
5.640000000000000000e+02 5.366106261154106543e-08
5.650000000000000000e+02 5.262351514364033970e-08
5.660000000000000000e+02 5.164202606116064442e-08
5.670000000000000000e+02 5.071079318066519269e-08
5.680000000000000000e+02 4.962396320116615563e-08
5.690000000000000000e+02 4.850855940759572459e-08
5.700000000000000000e+02 4.777917505230632937e-08
5.710000000000000000e+02 4.671121582080748328e-08
5.720000000000000000e+02 4.584175608054685388e-08
5.730000000000000000e+02 4.487407249632547211e-08
5.740000000000000000e+02 4.406725830301347332e-08
5.750000000000000000e+02 4.305611155217245111e-08
5.760000000000000000e+02 4.228223185799984534e-08
5.770000000000000000e+02 4.159493371382831904e-08
5.780000000000000000e+02 4.055662434600944812e-08
5.790000000000000000e+02 3.983397427811057220e-08
5.800000000000000000e+02 3.920612980276749371e-08
5.810000000000000000e+02 3.824317566513252250e-08
5.820000000000000000e+02 3.757085422023750564e-08
5.830000000000000000e+02 3.682547084556057715e-08
5.840000000000000000e+02 3.607140134916258279e-08
5.850000000000000000e+02 3.531292049770618458e-08
5.860000000000000000e+02 3.475461804880961831e-08
5.870000000000000000e+02 3.392094657284961883e-08
5.880000000000000000e+02 3.336481952057366434e-08
5.890000000000000000e+02 3.272997147560744804e-08
5.900000000000000000e+02 3.190945662228352574e-08
5.910000000000000000e+02 3.139244932651036447e-08
5.920000000000000000e+02 3.081881516392511183e-08
5.930000000000000000e+02 3.022455496853694273e-08
5.940000000000000000e+02 2.954053577707476928e-08
5.950000000000000000e+02 2.894922018918005149e-08
5.960000000000000000e+02 2.847629983902998380e-08
5.970000000000000000e+02 2.785999723132172835e-08
5.980000000000000000e+02 2.733460005794075387e-08
5.990000000000000000e+02 2.672263074787268442e-08
6.000000000000000000e+02 2.618861955233800361e-08
6.010000000000000000e+02 2.571686823752344601e-08
6.020000000000000000e+02 2.524378056372073561e-08
6.030000000000000000e+02 2.480872809064746092e-08
6.040000000000000000e+02 2.417594809088247372e-08
6.050000000000000000e+02 2.389947967225279232e-08
6.060000000000000000e+02 2.333156217966850553e-08
6.070000000000000000e+02 2.271413935243893015e-08
6.080000000000000000e+02 2.245243472877257043e-08
6.090000000000000000e+02 2.192849333735468531e-08
6.100000000000000000e+02 2.153703582407067894e-08
6.110000000000000000e+02 2.106956296665980951e-08
6.120000000000000000e+02 2.072518562743965042e-08
6.130000000000000000e+02 2.030127389339637950e-08
6.140000000000000000e+02 1.976682266107127132e-08
6.150000000000000000e+02 1.959823497960390654e-08
6.160000000000000000e+02 1.898102992632584121e-08
6.170000000000000000e+02 1.878633964150823680e-08
6.180000000000000000e+02 1.836298543521153916e-08
6.190000000000000000e+02 1.806635755888346493e-08
6.200000000000000000e+02 1.762560232572565033e-08
6.210000000000000000e+02 1.733655770404381267e-08
6.220000000000000000e+02 1.689616618612652471e-08
6.230000000000000000e+02 1.663406189858334084e-08
6.240000000000000000e+02 1.621398566624978945e-08
6.250000000000000000e+02 1.595517779172492489e-08
6.260000000000000000e+02 1.576560211008999303e-08
6.270000000000000000e+02 1.539887428876623786e-08
6.280000000000000000e+02 1.496982976890540369e-08
6.290000000000000000e+02 1.474575425969145360e-08
6.300000000000000000e+02 1.449377520932421488e-08
6.310000000000000000e+02 1.411531530867240532e-08
6.320000000000000000e+02 1.401618060572878416e-08
6.330000000000000000e+02 1.361385119964114843e-08
6.340000000000000000e+02 1.340882476204973591e-08
6.350000000000000000e+02 1.299880419240472993e-08
6.360000000000000000e+02 1.280068713606176710e-08
6.370000000000000000e+02 1.268548570198341706e-08
6.380000000000000000e+02 1.239615362537056075e-08
6.390000000000000000e+02 1.207392065595892457e-08
6.400000000000000000e+02 1.191990218122820682e-08
6.410000000000000000e+02 1.164665150833614895e-08
6.420000000000000000e+02 1.132745982266081846e-08
6.430000000000000000e+02 1.120146017690565824e-08
6.440000000000000000e+02 1.093449072256820498e-08
6.450000000000000000e+02 1.075253231579516289e-08
6.460000000000000000e+02 1.047643844759110177e-08
6.470000000000000000e+02 1.036466103196204377e-08
6.480000000000000000e+02 1.014622054796043597e-08
6.490000000000000000e+02 9.964519094103652238e-09
6.500000000000000000e+02 9.717762170454377447e-09
6.510000000000000000e+02 9.455267377719850663e-09
6.520000000000000000e+02 9.379648531275046219e-09
6.530000000000000000e+02 9.160268776100653006e-09
6.540000000000000000e+02 9.119334206712312050e-09
6.550000000000000000e+02 8.728298893206815409e-09
6.560000000000000000e+02 8.641673631604348478e-09
6.570000000000000000e+02 8.432106620848781183e-09
6.580000000000000000e+02 8.391670106019274892e-09
6.590000000000000000e+02 8.230915249189918537e-09
6.600000000000000000e+02 8.007565110711977328e-09
6.610000000000000000e+02 7.783268795783624441e-09
6.620000000000000000e+02 7.576375015780845753e-09
6.630000000000000000e+02 7.535925628470767444e-09
6.640000000000000000e+02 7.389145100437724910e-09
6.650000000000000000e+02 7.184255332515367574e-09
6.660000000000000000e+02 7.181973406704738111e-09
6.670000000000000000e+02 6.945410428191382784e-09
6.680000000000000000e+02 6.735731477754737175e-09
6.690000000000000000e+02 6.724833012093792858e-09
6.700000000000000000e+02 6.601981333264663001e-09
6.710000000000000000e+02 6.339294780418922032e-09
6.720000000000000000e+02 6.304715768130418886e-09
6.730000000000000000e+02 6.196366593096541612e-09
6.740000000000000000e+02 6.024157492137549469e-09
6.750000000000000000e+02 6.053345671498506680e-09
6.760000000000000000e+02 5.752456771117002872e-09
6.770000000000000000e+02 5.731933236216185574e-09
6.780000000000000000e+02 5.609168460208529485e-09
6.790000000000000000e+02 5.472415489903627233e-09
6.800000000000000000e+02 5.318680769134946094e-09
6.810000000000000000e+02 5.270848673265719731e-09
6.820000000000000000e+02 5.147424039060831747e-09
6.830000000000000000e+02 5.097794767808953222e-09
6.840000000000000000e+02 4.992342779875422180e-09
6.850000000000000000e+02 4.857268202404714506e-09
6.860000000000000000e+02 4.714955674064036749e-09
6.870000000000000000e+02 4.775971640853134506e-09
6.880000000000000000e+02 4.521823473904542666e-09
6.890000000000000000e+02 4.522422746032942522e-09
6.900000000000000000e+02 4.456994393609649770e-09
6.910000000000000000e+02 4.329184811817298702e-09
6.920000000000000000e+02 4.228182711217375820e-09
6.930000000000000000e+02 4.092807602721618307e-09
6.940000000000000000e+02 3.977989254695290570e-09
6.950000000000000000e+02 4.059158837830409141e-09
6.960000000000000000e+02 3.903048530238810710e-09
6.970000000000000000e+02 3.786276144559673945e-09
6.980000000000000000e+02 3.762141932134437116e-09
6.990000000000000000e+02 3.687614306952773553e-09
7.000000000000000000e+02 3.584436423764419824e-09
7.010000000000000000e+02 3.583429937258919536e-09
7.020000000000000000e+02 3.519500852074898978e-09
7.030000000000000000e+02 3.329203185996531433e-09
7.040000000000000000e+02 3.399832710636178519e-09
7.050000000000000000e+02 3.346824905714825560e-09
7.060000000000000000e+02 3.084093606830369210e-09
7.070000000000000000e+02 3.120647150975867459e-09
7.080000000000000000e+02 3.075516971685968717e-09
7.090000000000000000e+02 3.006830510797611433e-09
7.100000000000000000e+02 3.121489035579959989e-09
7.110000000000000000e+02 2.898541721448887505e-09
7.120000000000000000e+02 2.765322308240785229e-09
7.130000000000000000e+02 2.877601649082716028e-09
7.140000000000000000e+02 2.658249808779219326e-09
7.150000000000000000e+02 2.716958324564724717e-09
7.160000000000000000e+02 2.701120322681105420e-09
7.170000000000000000e+02 2.447376866671460986e-09
7.180000000000000000e+02 2.497071773808224321e-09
7.190000000000000000e+02 2.481818614750649041e-09
7.200000000000000000e+02 2.418302022400075421e-09
7.210000000000000000e+02 2.450111219444411306e-09
7.220000000000000000e+02 2.402760505958650796e-09
7.230000000000000000e+02 2.251539840904726699e-09
7.240000000000000000e+02 2.165724027779101745e-09
7.250000000000000000e+02 2.288476983875562575e-09
7.260000000000000000e+02 2.097512696267474210e-09
7.270000000000000000e+02 2.174912641298880422e-09
7.280000000000000000e+02 2.065750130267160505e-09
7.290000000000000000e+02 1.981509658607520693e-09
7.300000000000000000e+02 2.028624109205647578e-09
7.310000000000000000e+02 1.992701443164239804e-09
7.320000000000000000e+02 1.946738583600247495e-09
7.330000000000000000e+02 1.898695777141971754e-09
7.340000000000000000e+02 1.835797280324109516e-09
7.350000000000000000e+02 1.784176939986067127e-09
7.360000000000000000e+02 1.736383381417984146e-09
7.370000000000000000e+02 1.690578903838732460e-09
7.380000000000000000e+02 1.646138995985249900e-09
7.390000000000000000e+02 1.777351812455416648e-09
7.400000000000000000e+02 1.596198336037913617e-09
7.410000000000000000e+02 1.513827515179733657e-09
7.420000000000000000e+02 1.648846283528826651e-09
7.430000000000000000e+02 1.473045199334451426e-09
7.440000000000000000e+02 1.566166419018297248e-09
7.450000000000000000e+02 1.487056115060335168e-09
7.460000000000000000e+02 1.422354089002946450e-09
7.470000000000000000e+02 1.471502821809272183e-09
7.480000000000000000e+02 1.446875701733332102e-09
7.490000000000000000e+02 1.242243231832146078e-09
7.500000000000000000e+02 1.326978916528032266e-09
7.510000000000000000e+02 1.343785617229452732e-09
7.520000000000000000e+02 1.310946921406344392e-09
7.530000000000000000e+02 1.277958177281397462e-09
7.540000000000000000e+02 1.231053096994210073e-09
7.550000000000000000e+02 1.209411590348705550e-09
7.560000000000000000e+02 1.181192495934814162e-09
7.570000000000000000e+02 1.136902780318685031e-09
7.580000000000000000e+02 1.102712972850084928e-09
7.590000000000000000e+02 1.166817517809711790e-09
7.600000000000000000e+02 1.166082073886235229e-09
7.610000000000000000e+02 1.051452091495458721e-09
7.620000000000000000e+02 9.987586652876722420e-10
7.630000000000000000e+02 1.139417817673284648e-09
7.640000000000000000e+02 9.713385873855761498e-10
7.650000000000000000e+02 9.206166131119948774e-10
7.660000000000000000e+02 1.059773209470119247e-09
7.670000000000000000e+02 8.953785117767784181e-10
7.680000000000000000e+02 1.018039466359783315e-09
7.690000000000000000e+02 8.499254091375370379e-10
7.700000000000000000e+02 9.567993116286436337e-10
7.710000000000000000e+02 7.996666177854287697e-10
7.720000000000000000e+02 9.089915028252490758e-10
7.730000000000000000e+02 9.414555330547098793e-10
7.740000000000000000e+02 7.342933500189227775e-10
7.750000000000000000e+02 8.433311567854752444e-10
7.760000000000000000e+02 8.629251854822276779e-10
7.770000000000000000e+02 6.688214768786329748e-10
7.780000000000000000e+02 7.800728312769910571e-10
7.790000000000000000e+02 8.012729562567703455e-10
7.800000000000000000e+02 7.804317724308291399e-10
7.810000000000000000e+02 6.808449557284449698e-10
7.820000000000000000e+02 6.236840468219017862e-10
7.830000000000000000e+02 7.014981936977838622e-10
7.840000000000000000e+02 6.983579904410950914e-10
7.850000000000000000e+02 6.853596723318184010e-10
7.860000000000000000e+02 6.693125091211960292e-10
7.870000000000000000e+02 6.673593923757036969e-10
7.880000000000000000e+02 6.406488782171382624e-10
7.890000000000000000e+02 6.070626239906341809e-10
7.900000000000000000e+02 6.001438288795900212e-10
7.910000000000000000e+02 5.875513414698829663e-10
7.920000000000000000e+02 5.733512595708099138e-10
7.930000000000000000e+02 5.436213272952579088e-10
7.940000000000000000e+02 5.397193754878765855e-10
7.950000000000000000e+02 5.135718952281726848e-10
7.960000000000000000e+02 6.053469453789047842e-10
7.970000000000000000e+02 6.105451913134379116e-10
7.980000000000000000e+02 5.053014920686664447e-10
7.990000000000000000e+02 4.654410053204818509e-10
8.000000000000000000e+02 4.613089327402113714e-10
8.010000000000000000e+02 4.350837757703369932e-10
8.020000000000000000e+02 6.106397323214734032e-10
8.030000000000000000e+02 4.604435079868188746e-10
8.040000000000000000e+02 4.096981239912786929e-10
8.050000000000000000e+02 3.704705015628360352e-10
8.060000000000000000e+02 5.581802312172337227e-10
8.070000000000000000e+02 4.127311242650678385e-10
8.080000000000000000e+02 3.656628858260141702e-10
8.090000000000000000e+02 5.193019312647917999e-10
8.100000000000000000e+02 3.784560002894650010e-10
8.110000000000000000e+02 3.169813451911966154e-10
8.120000000000000000e+02 4.947049676899938837e-10
8.130000000000000000e+02 3.357568059834077040e-10
8.140000000000000000e+02 3.901570742868494125e-10
8.150000000000000000e+02 3.856920729662910355e-10
8.160000000000000000e+02 2.853339402953113480e-10
8.170000000000000000e+02 4.505906227449187951e-10
8.180000000000000000e+02 2.914833388022304791e-10
8.190000000000000000e+02 4.276740988012434939e-10
8.200000000000000000e+02 2.717596271129946019e-10
8.210000000000000000e+02 3.115249951440926350e-10
8.220000000000000000e+02 3.183331448560113012e-10
8.230000000000000000e+02 3.147677802958838755e-10
8.240000000000000000e+02 3.078655065016089629e-10
8.250000000000000000e+02 3.005324276946265030e-10
8.260000000000000000e+02 2.929313837421303870e-10
8.270000000000000000e+02 3.825447404911567650e-10
8.280000000000000000e+02 1.993851967038263618e-10
8.290000000000000000e+02 3.426269901430738289e-10
8.300000000000000000e+02 1.993167489591418986e-10
8.310000000000000000e+02 3.296099110896368778e-10
8.320000000000000000e+02 1.680831788025257338e-10
8.330000000000000000e+02 3.119603966597213843e-10
8.340000000000000000e+02 3.538093333074855100e-10
8.350000000000000000e+02 1.608744415642283815e-10
8.360000000000000000e+02 2.958065999066711107e-10
8.370000000000000000e+02 1.402244454105688565e-10
8.380000000000000000e+02 2.793233404533036744e-10
8.390000000000000000e+02 3.106212457147887625e-10
8.400000000000000000e+02 1.522182701372149320e-10
8.410000000000000000e+02 2.551702040620775244e-10
8.420000000000000000e+02 2.911572564787856047e-10
8.430000000000000000e+02 1.392240543082516851e-10
8.440000000000000000e+02 2.379460015744567744e-10
8.450000000000000000e+02 2.739627816250925042e-10
8.460000000000000000e+02 1.297677455433035146e-10
8.470000000000000000e+02 2.218065050653261233e-10
8.480000000000000000e+02 2.580114684003159867e-10
8.490000000000000000e+02 9.544815757216787990e-11
8.500000000000000000e+02 2.028546042606325889e-10
8.510000000000000000e+02 2.533134612893951116e-10
8.520000000000000000e+02 1.564542283941025493e-10
8.530000000000000000e+02 1.267547822192811694e-10
8.540000000000000000e+02 2.064112676173795132e-10
8.550000000000000000e+02 2.299639273443520565e-10
8.560000000000000000e+02 8.407197429887310145e-11
8.570000000000000000e+02 1.714700266637637468e-10
8.580000000000000000e+02 2.098457755398396278e-10
8.590000000000000000e+02 2.189885007703543624e-10
8.600000000000000000e+02 8.281974363264362176e-11
8.610000000000000000e+02 1.559748595025644370e-10
8.620000000000000000e+02 1.937450533394022967e-10
8.630000000000000000e+02 2.029894866141872292e-10
8.640000000000000000e+02 6.025373875437163033e-11
8.650000000000000000e+02 1.368024884910142277e-10
8.660000000000000000e+02 1.777979391041716902e-10
8.670000000000000000e+02 1.878731181962487004e-10
8.680000000000000000e+02 1.884467230535273045e-10
8.690000000000000000e+02 8.978185760018059550e-11
8.700000000000000000e+02 1.109903396469923487e-10
8.710000000000000000e+02 1.583966209816902261e-10
8.720000000000000000e+02 1.702420417996835849e-10
8.730000000000000000e+02 1.716603175463418866e-10
8.740000000000000000e+02 7.952612556382600404e-11
8.750000000000000000e+02 1.053044594389796810e-10
8.760000000000000000e+02 1.454709362471288807e-10
8.770000000000000000e+02 1.458986163064860662e-10
8.780000000000000000e+02 1.536311606928837699e-10
8.790000000000000000e+02 1.544008955532511813e-10
8.800000000000000000e+02 9.270460229372592344e-11
8.810000000000000000e+02 8.967390080287641907e-11
8.820000000000000000e+02 1.291281005375344930e-10
8.830000000000000000e+02 1.291447603950391920e-10
8.840000000000000000e+02 1.374197417688879553e-10
8.850000000000000000e+02 1.288468639295608134e-10
8.860000000000000000e+02 5.603443561794843067e-11
8.870000000000000000e+02 4.124026919499784968e-11
8.880000000000000000e+02 9.163544410245397012e-11
8.890000000000000000e+02 1.184887088176876293e-10
8.900000000000000000e+02 1.140706467095387513e-10
8.910000000000000000e+02 1.216207159269000222e-10
8.920000000000000000e+02 1.124515192776958420e-10
8.930000000000000000e+02 1.181239785463762244e-10
8.940000000000000000e+02 1.214509601990081941e-10
8.950000000000000000e+02 6.213797617816092567e-11
8.960000000000000000e+02 8.517280185267874868e-11
8.970000000000000000e+02 1.049798679578174436e-10
8.980000000000000000e+02 9.853344695314661668e-11
8.990000000000000000e+02 9.622218201814977506e-11
9.000000000000000000e+02 1.036059311040996218e-10
9.010000000000000000e+02 9.449638786863108388e-11
9.020000000000000000e+02 5.304249103623866820e-11
9.030000000000000000e+02 6.305761690675663488e-11
9.040000000000000000e+02 4.646104813818205076e-11
9.050000000000000000e+02 8.394473937034491474e-11
9.060000000000000000e+02 8.197488060081224826e-11
9.070000000000000000e+02 9.183461752112398362e-11
9.080000000000000000e+02 8.232999211714399700e-11
9.090000000000000000e+02 7.932242360871102009e-11
9.100000000000000000e+02 8.745521108561419736e-11
9.110000000000000000e+02 7.785620297301232971e-11
9.120000000000000000e+02 7.477317897085556793e-11
9.130000000000000000e+02 5.832016053853663631e-11
9.140000000000000000e+02 7.761654295823084339e-11
9.150000000000000000e+02 3.001839569044686338e-11
9.160000000000000000e+02 6.852945106671291243e-11
9.170000000000000000e+02 6.575433169230198131e-11
9.180000000000000000e+02 6.537479298578377398e-11
9.190000000000000000e+02 7.518920841580843887e-11
9.200000000000000000e+02 6.534124884052745663e-11
9.210000000000000000e+02 6.257552667466849660e-11
9.220000000000000000e+02 6.097414184886487110e-11
9.230000000000000000e+02 7.066741235564068740e-11
9.240000000000000000e+02 6.062752182442537603e-11
9.250000000000000000e+02 5.777675629788976347e-11
9.260000000000000000e+02 6.777586634386376498e-11
9.270000000000000000e+02 6.015191586215242022e-11
9.280000000000000000e+02 9.218762946060024880e-11
9.290000000000000000e+02 1.401473541287767570e-11
9.300000000000000000e+02 3.914272794500042303e-11
9.310000000000000000e+02 5.959724229925259781e-11
9.320000000000000000e+02 5.103497139614642178e-11
9.330000000000000000e+02 4.907193192508577597e-11
9.340000000000000000e+02 4.791148191948819269e-11
9.350000000000000000e+02 5.919647394142248758e-11
9.360000000000000000e+02 4.829198866931635854e-11
9.370000000000000000e+02 4.571107231728639291e-11
9.380000000000000000e+02 4.445552442912222037e-11
9.390000000000000000e+02 4.347394160624567261e-11
9.400000000000000000e+02 5.522237202967860408e-11
9.410000000000000000e+02 4.405203685183178215e-11
9.420000000000000000e+02 4.137136440158602920e-11
9.430000000000000000e+02 4.008711528499551182e-11
9.440000000000000000e+02 3.934004636615421626e-11
9.450000000000000000e+02 8.153154008921565439e-11
9.460000000000000000e+02 1.615375896328459558e-11
9.470000000000000000e+02 8.531516600530355612e-11
9.480000000000000000e+02 7.977622950379800883e-12
9.490000000000000000e+02 2.494932762693234290e-11
9.500000000000000000e+02 3.158122409729647785e-11
9.510000000000000000e+02 3.310540655543735748e-11
9.520000000000000000e+02 4.736916629952769328e-11
9.530000000000000000e+02 3.531394695071420346e-11
9.540000000000000000e+02 3.275682896189144355e-11
9.550000000000000000e+02 3.160809424825613979e-11
9.560000000000000000e+02 3.095644440081068691e-11
9.570000000000000000e+02 3.036281008833695612e-11
9.580000000000000000e+02 4.452291793109152796e-11
9.590000000000000000e+02 3.186721548100077995e-11
9.600000000000000000e+02 2.911441665173216663e-11
9.610000000000000000e+02 2.809279330816096087e-11
9.620000000000000000e+02 2.750668235815248514e-11
9.630000000000000000e+02 2.689333434392574231e-11
9.640000000000000000e+02 2.632431930521648999e-11
9.650000000000000000e+02 2.575219447488506966e-11
9.660000000000000000e+02 2.544200583333368813e-11
9.670000000000000000e+02 4.068399434570257931e-11
9.680000000000000000e+02 2.725967643492422014e-11
9.690000000000000000e+02 2.446400794968256026e-11
9.700000000000000000e+02 2.351772020606087735e-11
9.710000000000000000e+02 2.291656588906850611e-11
9.720000000000000000e+02 2.252069701184204229e-11
9.730000000000000000e+02 2.214868263583290633e-11
9.740000000000000000e+02 2.160372295728265043e-11
9.750000000000000000e+02 9.027375437278606606e-11
9.760000000000000000e+02 3.458851853239628440e-11
9.770000000000000000e+02 1.582326216015437004e-11
9.780000000000000000e+02 1.774725778948138109e-11
9.790000000000000000e+02 9.285652342421966030e-11
9.800000000000000000e+02 1.527561774339377031e-11
9.810000000000000000e+02 9.132480405835877671e-12
9.820000000000000000e+02 1.548540309493266128e-11
9.830000000000000000e+02 1.704378674378232907e-11
9.840000000000000000e+02 1.753471871494407748e-11
9.850000000000000000e+02 1.725784106600580238e-11
9.860000000000000000e+02 1.694369174577479886e-11
9.870000000000000000e+02 1.679985552319224454e-11
9.880000000000000000e+02 1.631767492197523910e-11
9.890000000000000000e+02 3.476725028040220336e-11
9.900000000000000000e+02 1.916932574177225441e-11
9.910000000000000000e+02 1.610418705139785746e-11
9.920000000000000000e+02 1.522306545706293727e-11
9.930000000000000000e+02 1.490174610847860265e-11
9.940000000000000000e+02 1.441238875063006225e-11
9.950000000000000000e+02 1.424656088323253154e-11
9.960000000000000000e+02 1.389938059406086545e-11
9.970000000000000000e+02 1.366471062611914043e-11
9.980000000000000000e+02 1.332247881480523899e-11
9.990000000000000000e+02 1.319866436782298430e-11
1.000000000000000000e+03 1.285318476695216140e-11
1.001000000000000000e+03 1.253027998801147852e-11
1.002000000000000000e+03 1.244533217914580892e-11
1.003000000000000000e+03 3.251527289203115151e-11
1.004000000000000000e+03 1.578619285614886227e-11
1.005000000000000000e+03 1.242377844808936396e-11
1.006000000000000000e+03 1.151222420680075628e-11
1.007000000000000000e+03 1.173115278355444192e-11
1.008000000000000000e+03 1.097427670266642850e-11
1.009000000000000000e+03 1.059200971728589138e-11
1.010000000000000000e+03 1.064107018317029365e-11
1.011000000000000000e+03 1.037920133572412118e-11
1.012000000000000000e+03 1.013493360170392862e-11
1.013000000000000000e+03 9.941790202311689814e-12
1.014000000000000000e+03 9.691984058364273429e-12
1.015000000000000000e+03 9.722183737617980488e-12
1.016000000000000000e+03 9.185409483051417256e-12
1.017000000000000000e+03 9.217558387220997425e-12
1.018000000000000000e+03 8.975232825937125691e-12
1.019000000000000000e+03 8.890722867295045995e-12
1.020000000000000000e+03 8.591723071659096494e-12
1.021000000000000000e+03 8.466639532172643527e-12
1.022000000000000000e+03 8.318129022855487472e-12
1.023000000000000000e+03 8.073212288399417751e-12
1.024000000000000000e+03 7.996801846159570327e-12
1.025000000000000000e+03 7.930232386105151335e-12
1.026000000000000000e+03 7.677983556654188598e-12
1.027000000000000000e+03 7.425170599829230318e-12
1.028000000000000000e+03 3.019394732907059242e-11
1.029000000000000000e+03 1.211894158976892508e-11
1.030000000000000000e+03 7.939662750293135047e-12
1.031000000000000000e+03 7.173794210916459126e-12
1.032000000000000000e+03 6.912927175065273854e-12
1.033000000000000000e+03 6.621357955927713593e-12
1.034000000000000000e+03 6.498804592285323408e-12
1.035000000000000000e+03 6.393276390624358848e-12
1.036000000000000000e+03 6.414071664642689907e-12
1.037000000000000000e+03 6.219701622451570000e-12
1.038000000000000000e+03 6.059218377823268380e-12
1.039000000000000000e+03 6.186559449391252757e-12
1.040000000000000000e+03 6.189354874180669589e-12
1.041000000000000000e+03 5.677808638193449214e-12
1.042000000000000000e+03 5.537294751451426559e-12
1.043000000000000000e+03 5.519536103527730934e-12
1.044000000000000000e+03 5.263518478456230504e-12
1.045000000000000000e+03 5.419914408093222952e-12
1.046000000000000000e+03 5.134851845522318201e-12
1.047000000000000000e+03 5.136585570994934754e-12
1.048000000000000000e+03 4.977874560080118541e-12
1.049000000000000000e+03 4.812576413594882216e-12
1.050000000000000000e+03 4.662650836173791793e-12
1.051000000000000000e+03 4.768439186679548470e-12
1.052000000000000000e+03 4.618903162020688262e-12
1.053000000000000000e+03 4.494299099310603757e-12
1.054000000000000000e+03 4.442690362030376015e-12
1.055000000000000000e+03 4.367917017117789209e-12
1.056000000000000000e+03 4.238411155646297873e-12
1.057000000000000000e+03 4.192309609192924352e-12
1.058000000000000000e+03 4.089178856980934126e-12
1.059000000000000000e+03 3.873855881866510130e-12
1.060000000000000000e+03 1.070634319645236778e-10
1.061000000000000000e+03 2.951617394106169480e-11
1.062000000000000000e+03 6.501507616769924160e-12
1.063000000000000000e+03 1.047664511488123023e-12
1.064000000000000000e+03 2.714764752597913338e-12
1.065000000000000000e+03 3.331600897821867623e-12
1.066000000000000000e+03 3.494597386368158205e-12
1.067000000000000000e+03 3.405846974661617641e-12
1.068000000000000000e+03 2.870141167920915372e-11
1.069000000000000000e+03 9.572236701639610235e-12
1.070000000000000000e+03 4.429811485146937057e-12
1.071000000000000000e+03 3.365844803527878934e-12
1.072000000000000000e+03 3.125304459194558174e-12
1.073000000000000000e+03 3.098402998312255817e-12
1.074000000000000000e+03 2.965743756165081701e-12
1.075000000000000000e+03 2.980643054234898420e-12
1.076000000000000000e+03 2.909529880782946841e-12
1.077000000000000000e+03 2.764677189992615356e-12
1.078000000000000000e+03 2.767387991012086535e-12
1.079000000000000000e+03 2.616381269419837704e-12
1.080000000000000000e+03 2.796382620538433897e-12
1.081000000000000000e+03 2.537945161108465054e-12
1.082000000000000000e+03 2.521037253792603678e-12
1.083000000000000000e+03 2.525295993602523616e-12
1.084000000000000000e+03 2.505530313485523001e-12
1.085000000000000000e+03 1.086705670561294606e-10
1.086000000000000000e+03 3.103315074563891613e-11
1.087000000000000000e+03 7.903242063934006587e-12
1.088000000000000000e+03 9.912189512406643818e-13
1.089000000000000000e+03 1.564390520101895705e-12
1.090000000000000000e+03 1.786772555236450638e-12
1.091000000000000000e+03 2.129676611880560398e-12
1.092000000000000000e+03 2.163518875700784154e-12
1.093000000000000000e+03 1.933979749633799774e-12
1.094000000000000000e+03 1.993331345389733010e-12
1.095000000000000000e+03 2.163078272538627881e-12
1.096000000000000000e+03 2.023652136770151027e-12
1.097000000000000000e+03 1.882397029194945134e-12
1.098000000000000000e+03 1.912624711643612275e-12
1.099000000000000000e+03 1.803325148244723728e-12
1.100000000000000000e+03 1.823751130518148950e-12
1.101000000000000000e+03 1.791104830527688636e-12
1.102000000000000000e+03 1.700256408906710876e-12
1.103000000000000000e+03 1.784596818937518039e-12
1.104000000000000000e+03 1.696713988376656986e-12
1.105000000000000000e+03 1.658266885493309091e-12
1.106000000000000000e+03 1.544256707409793897e-12
1.107000000000000000e+03 1.587666545996379058e-12
1.108000000000000000e+03 1.609352182887120740e-12
1.109000000000000000e+03 1.525566143223995855e-12
1.110000000000000000e+03 1.444759647257933827e-12
1.111000000000000000e+03 1.631282049799978665e-12
1.112000000000000000e+03 1.295905375454372001e-12
1.113000000000000000e+03 1.496087038714499297e-12
1.114000000000000000e+03 1.456192202438710336e-12
1.115000000000000000e+03 1.320757595827530492e-12
1.116000000000000000e+03 1.549479407795822889e-12
1.117000000000000000e+03 1.158421097680503424e-12
1.118000000000000000e+03 1.317788854838860902e-12
1.119000000000000000e+03 1.348395902229082564e-12
1.120000000000000000e+03 1.252109588412571428e-12
1.121000000000000000e+03 1.344974230708335934e-12
1.122000000000000000e+03 1.243469189339728732e-12
1.123000000000000000e+03 1.138526023743235702e-12
1.124000000000000000e+03 1.256931405819035044e-12
1.125000000000000000e+03 1.097281666912618501e-12
1.126000000000000000e+03 1.169247730385426011e-12
1.127000000000000000e+03 1.166958364043836255e-12
1.128000000000000000e+03 1.100079568204741813e-12
1.129000000000000000e+03 1.135229927105140083e-12
1.130000000000000000e+03 1.116457759041648929e-12
1.131000000000000000e+03 1.130108476250691478e-12
1.132000000000000000e+03 9.650684863860015599e-13
1.133000000000000000e+03 1.072394642525232575e-12
1.134000000000000000e+03 9.829869161962324038e-13
1.135000000000000000e+03 9.505447215332569804e-13
1.136000000000000000e+03 1.109009866230272611e-12
1.137000000000000000e+03 9.035061013813473202e-13
1.138000000000000000e+03 1.007080066842989852e-12
1.139000000000000000e+03 8.531412701257639909e-13
1.140000000000000000e+03 1.076569535818409933e-12
1.141000000000000000e+03 9.486180864542100086e-13
1.142000000000000000e+03 9.066811631913725350e-13
1.143000000000000000e+03 8.587612574047394765e-13
1.144000000000000000e+03 1.004028389943555539e-12
1.145000000000000000e+03 8.090896096112395471e-13
1.146000000000000000e+03 9.778063395427642825e-13
1.147000000000000000e+03 7.919040383870299334e-13
1.148000000000000000e+03 9.020814046565246330e-13
1.149000000000000000e+03 9.349320854883627158e-13
1.150000000000000000e+03 9.272518050257332577e-13
1.151000000000000000e+03 6.943746723210231874e-13
1.152000000000000000e+03 6.938349354597864900e-13
1.153000000000000000e+03 8.234553547890455092e-13
1.154000000000000000e+03 8.473713455074128857e-13
1.155000000000000000e+03 8.216907866744617890e-13
1.156000000000000000e+03 7.518029163437005547e-13
1.157000000000000000e+03 7.634520877117749346e-13
1.158000000000000000e+03 7.503483606492763690e-13
1.159000000000000000e+03 6.378786476363075015e-13
1.160000000000000000e+03 6.737681490005057187e-13
1.161000000000000000e+03 7.327254573392999833e-13
1.162000000000000000e+03 7.464895340220575389e-13
1.163000000000000000e+03 7.820272122956793784e-13
1.164000000000000000e+03 7.202085825893812145e-13
1.165000000000000000e+03 1.666267651964704592e-12
1.166000000000000000e+03 8.169942089759629449e-13
1.167000000000000000e+03 7.536126236451332457e-13
1.168000000000000000e+03 6.219810266616905656e-13
1.169000000000000000e+03 6.834906723965820400e-13
1.170000000000000000e+03 6.017270528364324261e-13
1.171000000000000000e+03 8.010706507026267308e-13
1.172000000000000000e+03 1.770036885268116275e-12
1.173000000000000000e+03 8.707440415140836446e-13
1.174000000000000000e+03 5.786245667860998775e-13
1.175000000000000000e+03 5.508918593814948130e-13
1.176000000000000000e+03 4.794871854923768163e-13
1.177000000000000000e+03 7.128888716129019459e-13
1.178000000000000000e+03 5.029609571866595178e-13
1.179000000000000000e+03 6.954629645188043013e-13
1.180000000000000000e+03 5.289137718668060161e-13
1.181000000000000000e+03 6.413389290890247392e-13
1.182000000000000000e+03 7.013296847829089134e-13
1.183000000000000000e+03 5.185158310634414011e-13
1.184000000000000000e+03 5.705588219689105165e-13
1.185000000000000000e+03 6.547424137044372470e-13
1.186000000000000000e+03 5.483001491902697298e-13
1.187000000000000000e+03 5.032649169287899530e-13
1.188000000000000000e+03 4.593700781595984398e-13
1.189000000000000000e+03 4.958664328440344404e-13
1.190000000000000000e+03 5.358834592177184650e-13
1.191000000000000000e+03 5.159477084487597918e-13
1.192000000000000000e+03 5.867989573132562499e-13
1.193000000000000000e+03 5.073167601489837211e-13
1.194000000000000000e+03 4.757346102890235390e-13
1.195000000000000000e+03 7.757388097018494369e-13
1.196000000000000000e+03 6.728998484838416566e-13
1.197000000000000000e+03 6.484851648757898769e-13
1.198000000000000000e+03 5.490561478466045928e-13
1.199000000000000000e+03 6.207911939682336169e-13
1.200000000000000000e+03 6.239123927654386658e-13
1.201000000000000000e+03 7.697649513155148192e-13
1.202000000000000000e+03 4.850952677802066826e-13
1.203000000000000000e+03 5.447238317913883131e-13
1.204000000000000000e+03 5.401365386139692192e-13
1.205000000000000000e+03 5.216259309661902562e-13
1.206000000000000000e+03 6.065164313064024534e-13
1.207000000000000000e+03 5.476893505144311053e-13
1.208000000000000000e+03 6.322895309277981636e-13
1.209000000000000000e+03 5.983736567480513782e-13
1.210000000000000000e+03 4.663187265182145334e-13
1.211000000000000000e+03 4.940691243120136633e-13
1.212000000000000000e+03 5.817916191409873470e-13
1.213000000000000000e+03 6.543197482923738161e-13
1.214000000000000000e+03 5.722501677006713165e-13
1.215000000000000000e+03 5.409069161825728464e-13
1.216000000000000000e+03 6.845288339337543215e-13
1.217000000000000000e+03 5.443864804651948789e-13
1.218000000000000000e+03 5.785841198894679501e-13
1.219000000000000000e+03 7.680475040320713119e-13
1.220000000000000000e+03 6.424000034757249542e-13
1.221000000000000000e+03 4.132276069159740757e-13
1.222000000000000000e+03 5.690778697444159095e-13
1.223000000000000000e+03 4.596688232135032631e-13
1.224000000000000000e+03 4.894337429387091978e-13
1.225000000000000000e+03 5.973969389561167771e-13
1.226000000000000000e+03 5.972155262724709552e-13
1.227000000000000000e+03 5.289751698696985885e-13
1.228000000000000000e+03 5.431310393664925840e-13
1.229000000000000000e+03 5.199935357398260077e-13
1.230000000000000000e+03 5.170781023215861580e-13
1.231000000000000000e+03 5.763481591539826420e-13
1.232000000000000000e+03 4.909342252727707079e-13
1.233000000000000000e+03 4.574051054382308457e-13
1.234000000000000000e+03 4.387846230819140354e-13
1.235000000000000000e+03 4.884159997014778336e-13
1.236000000000000000e+03 4.686245851219948805e-13
1.237000000000000000e+03 4.995641905247439727e-13
1.238000000000000000e+03 4.913966265286685227e-13
1.239000000000000000e+03 5.268242085298392934e-13
1.240000000000000000e+03 4.752426931247148107e-13
1.241000000000000000e+03 5.667517032537225683e-13
1.242000000000000000e+03 3.851369298998409159e-13
1.243000000000000000e+03 5.995007048590108039e-13
1.244000000000000000e+03 4.352553016772683001e-13
1.245000000000000000e+03 6.168591232038881278e-13
1.246000000000000000e+03 5.430161995252331343e-13
1.247000000000000000e+03 4.280525058397757811e-13
1.248000000000000000e+03 5.363845488230236529e-13
1.249000000000000000e+03 8.477909567223366008e-13
1.250000000000000000e+03 6.640301419500857146e-13
1.251000000000000000e+03 4.649303538454308148e-13
1.252000000000000000e+03 4.327523489183078101e-13
1.253000000000000000e+03 6.000924463704964855e-13
1.254000000000000000e+03 5.097416479886179999e-13
1.255000000000000000e+03 5.768760326128350827e-13
1.256000000000000000e+03 5.919920711905437570e-13
1.257000000000000000e+03 6.313928507346549558e-13
1.258000000000000000e+03 5.417369702709525413e-13
1.259000000000000000e+03 7.243539338764164693e-13
1.260000000000000000e+03 5.315380573569593730e-13
1.261000000000000000e+03 5.650011253908729892e-13
1.262000000000000000e+03 4.965680222607468158e-13
1.263000000000000000e+03 4.749554866496080935e-13
1.264000000000000000e+03 5.360614033426030696e-13
1.265000000000000000e+03 4.020217609484042481e-13
1.266000000000000000e+03 4.990949308564295103e-13
1.267000000000000000e+03 5.538200812685697639e-13
1.268000000000000000e+03 5.943262213799586496e-13
1.269000000000000000e+03 5.086039748618218074e-13
1.270000000000000000e+03 5.405493366757301455e-13
1.271000000000000000e+03 5.347537058278689299e-13
1.272000000000000000e+03 6.198249323033928992e-13
1.273000000000000000e+03 3.442601655800020451e-13
1.274000000000000000e+03 7.794382963316402675e-13
1.275000000000000000e+03 6.643941647647842059e-13
1.276000000000000000e+03 5.155925650253746273e-13
1.277000000000000000e+03 5.470404586170441883e-13
1.278000000000000000e+03 4.323116524059111007e-13
1.279000000000000000e+03 4.470305825201295165e-13
1.280000000000000000e+03 4.301387708286071050e-13
1.281000000000000000e+03 4.110924190843977096e-13
1.282000000000000000e+03 4.652227890478188117e-13
1.283000000000000000e+03 3.915133977923500210e-13
1.284000000000000000e+03 5.818340785815979296e-13
1.285000000000000000e+03 4.293853281892154286e-13
1.286000000000000000e+03 5.601684465931219870e-13
1.287000000000000000e+03 4.803839208943462443e-13
1.288000000000000000e+03 5.341287698098083609e-13
1.289000000000000000e+03 5.607047144684153272e-13
1.290000000000000000e+03 5.620090971358822124e-13
1.291000000000000000e+03 4.679996106444193195e-13
1.292000000000000000e+03 4.815287841231382195e-13
1.293000000000000000e+03 3.961570159164706437e-13
1.294000000000000000e+03 4.644544907379771725e-13
1.295000000000000000e+03 4.257415454849865901e-13
1.296000000000000000e+03 5.323314826244622298e-13
1.297000000000000000e+03 4.459984350915473996e-13
1.298000000000000000e+03 5.100792897957519185e-13
1.299000000000000000e+03 5.985899381727691973e-13
1.300000000000000000e+03 5.186869622749532032e-13
1.301000000000000000e+03 3.906612168886532048e-13
1.302000000000000000e+03 5.004661594648293623e-13
1.303000000000000000e+03 5.257692664549257682e-13
1.304000000000000000e+03 5.279576062094079043e-13
1.305000000000000000e+03 4.706642285786405629e-13
1.306000000000000000e+03 5.766294366072815970e-13
1.307000000000000000e+03 4.111296287334429620e-13
1.308000000000000000e+03 4.647258861269414026e-13
1.309000000000000000e+03 4.804207645653791356e-13
1.310000000000000000e+03 6.666165419981078647e-13
1.311000000000000000e+03 5.047988729314433168e-13
1.312000000000000000e+03 7.571093207479949955e-13
1.313000000000000000e+03 5.424079311180538127e-13
1.314000000000000000e+03 6.687192278900736992e-13
1.315000000000000000e+03 4.194584916716313150e-13
1.316000000000000000e+03 7.300967804199837785e-13
1.317000000000000000e+03 5.629325069402262192e-13
1.318000000000000000e+03 4.052100642973484946e-13
1.319000000000000000e+03 5.226954673316115263e-13
1.320000000000000000e+03 4.557289012145846637e-13
1.321000000000000000e+03 5.928956149432789987e-13
1.322000000000000000e+03 7.836103924837354750e-13
1.323000000000000000e+03 6.815670827845859613e-13
1.324000000000000000e+03 5.006279039581930803e-13
1.325000000000000000e+03 5.424016978385206784e-13
1.326000000000000000e+03 4.985020837689546313e-13
1.327000000000000000e+03 5.694783099817775167e-13
1.328000000000000000e+03 5.820598457396394352e-13
1.329000000000000000e+03 4.874321286581041629e-13
1.330000000000000000e+03 4.516842959066613556e-13
1.331000000000000000e+03 4.158134416024873566e-13
1.332000000000000000e+03 4.238397753762341561e-13
1.333000000000000000e+03 3.676315184613239000e-13
1.334000000000000000e+03 4.500740514527084708e-13
1.335000000000000000e+03 5.379461888047332911e-13
1.336000000000000000e+03 5.158975065431767877e-13
1.337000000000000000e+03 5.126748285414407430e-13
1.338000000000000000e+03 5.003275579111063545e-13
1.339000000000000000e+03 6.293005573106826048e-13
1.340000000000000000e+03 3.947761111208680156e-13
1.341000000000000000e+03 4.446901299182369131e-13
1.342000000000000000e+03 3.706860995142115575e-13
1.343000000000000000e+03 4.658345920842104866e-13
1.344000000000000000e+03 3.986279515209640300e-13
1.345000000000000000e+03 4.821100797742393062e-13
1.346000000000000000e+03 4.069612907688327463e-13
1.347000000000000000e+03 3.912865986296445012e-13
1.348000000000000000e+03 4.136414964619821147e-13
1.349000000000000000e+03 4.007699952607775485e-13
1.350000000000000000e+03 5.821771093251998262e-13
1.351000000000000000e+03 6.660584451169500931e-13
1.352000000000000000e+03 4.458778280382998929e-13
1.353000000000000000e+03 3.561208265709246545e-13
1.354000000000000000e+03 4.480010326328385317e-13
1.355000000000000000e+03 5.289700344793262730e-13
1.356000000000000000e+03 5.449012474735327687e-13
1.357000000000000000e+03 4.555600519159701782e-13
1.358000000000000000e+03 4.862230814804197664e-13
1.359000000000000000e+03 4.936433980605514096e-13
1.360000000000000000e+03 4.323687668706831607e-13
1.361000000000000000e+03 5.557572463597135049e-13
1.362000000000000000e+03 4.493258557333150356e-13
1.363000000000000000e+03 4.364892456506358335e-13
1.364000000000000000e+03 5.467261612996741337e-13
1.365000000000000000e+03 5.712295099518842612e-13
1.366000000000000000e+03 5.757219870719935379e-13
1.367000000000000000e+03 5.732334070665524921e-13
1.368000000000000000e+03 5.017724813235890954e-13
1.369000000000000000e+03 5.257055707347474361e-13
1.370000000000000000e+03 4.901813940451687127e-13
1.371000000000000000e+03 4.515693904754522834e-13
1.372000000000000000e+03 4.999177925249082463e-13
1.373000000000000000e+03 4.026617134588895380e-13
1.374000000000000000e+03 3.618750786254192846e-13
1.375000000000000000e+03 4.556963099507721891e-13
1.376000000000000000e+03 5.300485308296999670e-13
1.377000000000000000e+03 5.430834220239424930e-13
1.378000000000000000e+03 4.260701586269968008e-13
1.379000000000000000e+03 5.574766572361278827e-13
1.380000000000000000e+03 5.874945754147123006e-13
1.381000000000000000e+03 4.771886626089525151e-13
1.382000000000000000e+03 4.307375470942865072e-13
1.383000000000000000e+03 6.057698174871868677e-13
1.384000000000000000e+03 4.026157440970855421e-13
1.385000000000000000e+03 4.328294611739258555e-13
1.386000000000000000e+03 4.604055207053913465e-13
1.387000000000000000e+03 4.652825562797588868e-13
1.388000000000000000e+03 5.107207748811900371e-13
1.389000000000000000e+03 6.133379455444803038e-13
1.390000000000000000e+03 6.242695153077799183e-13
1.391000000000000000e+03 5.770563907221653516e-13
1.392000000000000000e+03 4.971394480437349419e-13
1.393000000000000000e+03 3.631270860565259816e-13
1.394000000000000000e+03 6.162807670652431335e-13
1.395000000000000000e+03 4.596277218374179385e-13
1.396000000000000000e+03 5.082048391958007938e-13
1.397000000000000000e+03 4.726051581921475520e-13
1.398000000000000000e+03 5.069145648015770594e-13
1.399000000000000000e+03 5.421573904236183687e-13
1.400000000000000000e+03 6.120304937775830712e-13
1.401000000000000000e+03 4.848610879062240748e-13
1.402000000000000000e+03 3.335732970662710230e-13
1.403000000000000000e+03 4.564275342727357531e-13
1.404000000000000000e+03 5.271110400554534907e-13
1.405000000000000000e+03 5.204607650001810902e-13
1.406000000000000000e+03 4.296819511358696422e-13
1.407000000000000000e+03 3.845594474536754556e-13
1.408000000000000000e+03 4.605919598583520449e-13
1.409000000000000000e+03 4.423920657284484949e-13
1.410000000000000000e+03 5.011815923200100037e-13
1.411000000000000000e+03 5.490885411707604815e-13
1.412000000000000000e+03 4.844765440150645299e-13
1.413000000000000000e+03 4.874385040476191357e-13
1.414000000000000000e+03 5.269682406560600861e-13
1.415000000000000000e+03 5.041003791583770482e-13
1.416000000000000000e+03 4.817864078001016877e-13
1.417000000000000000e+03 5.510789636851118391e-13
1.418000000000000000e+03 4.712344880270663879e-13
1.419000000000000000e+03 4.542230388780719385e-13
1.420000000000000000e+03 4.439986119092165227e-13
1.421000000000000000e+03 4.018807564079037832e-13
1.422000000000000000e+03 5.434294837943461125e-13
1.423000000000000000e+03 4.952969637549632291e-13
1.424000000000000000e+03 4.397312047921349387e-13
1.425000000000000000e+03 5.217765115258700552e-13
1.426000000000000000e+03 5.412375685543664679e-13
1.427000000000000000e+03 5.379667332405528009e-13
1.428000000000000000e+03 5.117510665309631285e-13
1.429000000000000000e+03 5.147548092949292320e-13
1.430000000000000000e+03 4.442303998647582873e-13
1.431000000000000000e+03 3.121884964860135169e-13
1.432000000000000000e+03 5.470379296807023424e-13
1.433000000000000000e+03 5.315844736054874882e-13
1.434000000000000000e+03 4.923879269526721181e-13
1.435000000000000000e+03 5.253080535650521061e-13
1.436000000000000000e+03 4.625883073445621842e-13
1.437000000000000000e+03 3.734287185464173638e-13
1.438000000000000000e+03 4.523972066172124782e-13
1.439000000000000000e+03 4.661509079128391256e-13
1.440000000000000000e+03 4.105020318491163345e-13
1.441000000000000000e+03 5.001358109743684886e-13
1.442000000000000000e+03 5.102819889522152863e-13
1.443000000000000000e+03 4.632140033960191753e-13
1.444000000000000000e+03 4.086426346988683412e-13
1.445000000000000000e+03 3.479102227581220899e-13
1.446000000000000000e+03 5.049942934232895142e-13
1.447000000000000000e+03 4.501730797345777042e-13
1.448000000000000000e+03 5.315619015769661146e-13
1.449000000000000000e+03 4.291828948819835914e-13
1.450000000000000000e+03 4.642839292828442070e-13
1.451000000000000000e+03 4.668574934750093580e-13
1.452000000000000000e+03 5.644479325071636760e-13
1.453000000000000000e+03 6.134687498424408701e-13
1.454000000000000000e+03 4.011202256990129953e-13
1.455000000000000000e+03 7.937958973872121714e-13
1.456000000000000000e+03 4.444602123380471620e-13
1.457000000000000000e+03 5.360698192095375571e-13
1.458000000000000000e+03 6.270302911970973484e-13
1.459000000000000000e+03 4.816109357419803220e-13
1.460000000000000000e+03 5.946965716982441860e-13
1.461000000000000000e+03 6.250043495646532375e-13
1.462000000000000000e+03 4.466341055271165268e-13
1.463000000000000000e+03 4.547556260109142406e-13
1.464000000000000000e+03 5.748360022890350537e-13
1.465000000000000000e+03 5.067601023769592387e-13
1.466000000000000000e+03 5.133952060160901177e-13
1.467000000000000000e+03 5.820401151874602078e-13
1.468000000000000000e+03 6.571527228866789850e-13
1.469000000000000000e+03 5.122877470169692580e-13
1.470000000000000000e+03 5.528313191894719435e-13
1.471000000000000000e+03 5.007811795193404390e-13
1.472000000000000000e+03 5.167166660143446219e-13
1.473000000000000000e+03 4.389921038866787353e-13
1.474000000000000000e+03 3.599476451626139540e-13
1.475000000000000000e+03 5.549798010766189959e-13
1.476000000000000000e+03 5.633237678853711090e-13
1.477000000000000000e+03 4.772084584384212804e-13
1.478000000000000000e+03 4.750576502530315947e-13
1.479000000000000000e+03 4.782925709552441696e-13
1.480000000000000000e+03 4.527124802785568118e-13
1.481000000000000000e+03 6.096987245937406104e-13
1.482000000000000000e+03 5.081629957237539552e-13
1.483000000000000000e+03 6.215443048213559441e-13
1.484000000000000000e+03 7.847009568068614067e-13
1.485000000000000000e+03 4.882630631303644690e-13
1.486000000000000000e+03 4.753956125370819308e-13
1.487000000000000000e+03 5.568682772150314971e-13
1.488000000000000000e+03 6.897155321445252098e-13
1.489000000000000000e+03 4.912372190124506607e-13
1.490000000000000000e+03 4.501579090138070489e-13
1.491000000000000000e+03 6.282857464381790756e-13
1.492000000000000000e+03 5.194824872179253990e-13
1.493000000000000000e+03 3.305864605774661898e-13
1.494000000000000000e+03 4.919291203108232752e-13
1.495000000000000000e+03 6.323154128221915469e-13
1.496000000000000000e+03 5.104201526297117219e-13
1.497000000000000000e+03 4.138939910390914390e-13
1.498000000000000000e+03 5.450558431688786856e-13
1.499000000000000000e+03 5.053763576946681431e-13
1.500000000000000000e+03 5.433617270832397367e-13
1.501000000000000000e+03 4.514879840724837077e-13
1.502000000000000000e+03 4.446426180359392733e-13
1.503000000000000000e+03 4.231883610172656264e-13
1.504000000000000000e+03 5.962626949327425286e-13
1.505000000000000000e+03 4.851263205533974916e-13
1.506000000000000000e+03 4.326824939241339951e-13
1.507000000000000000e+03 4.948935362638651569e-13
1.508000000000000000e+03 5.683197075413613919e-13
1.509000000000000000e+03 5.288183410479916237e-13
1.510000000000000000e+03 6.354634499204935975e-13
1.511000000000000000e+03 4.268156798452197986e-13
1.512000000000000000e+03 5.482186694612078101e-13
1.513000000000000000e+03 3.848717692481216784e-13
1.514000000000000000e+03 7.894356532367758413e-13
1.515000000000000000e+03 5.660211729405816133e-13
1.516000000000000000e+03 5.198792238634932779e-13
1.517000000000000000e+03 5.286619410120953846e-13
1.518000000000000000e+03 6.305065409210209292e-13
1.519000000000000000e+03 5.426182782092730435e-13
1.520000000000000000e+03 3.927636562633161991e-13
1.521000000000000000e+03 6.668109706709362495e-13
1.522000000000000000e+03 4.999952988506797979e-13
1.523000000000000000e+03 6.207936169519789415e-13
1.524000000000000000e+03 5.987539585153846702e-13
1.525000000000000000e+03 6.127815343709589292e-13
1.526000000000000000e+03 5.550053289330521659e-13
1.527000000000000000e+03 4.870243473997191377e-13
1.528000000000000000e+03 5.237993843877149713e-13
1.529000000000000000e+03 4.850443865252749125e-13
1.530000000000000000e+03 5.024911156853717147e-13
1.531000000000000000e+03 5.322798391806754408e-13
1.532000000000000000e+03 6.024895493916549393e-13
1.533000000000000000e+03 4.913884365829318514e-13
1.534000000000000000e+03 5.636749412794343469e-13
1.535000000000000000e+03 5.142143946453003284e-13
1.536000000000000000e+03 6.690735625885249179e-13
1.537000000000000000e+03 6.001124881311002117e-13
1.538000000000000000e+03 5.117998760993879896e-13
1.539000000000000000e+03 5.281033443341593037e-13
1.540000000000000000e+03 4.161116503897161939e-13
1.541000000000000000e+03 5.113608405034679977e-13
1.542000000000000000e+03 4.429167583196453639e-13
1.543000000000000000e+03 5.244199107431910131e-13
1.544000000000000000e+03 4.745068814187680505e-13
1.545000000000000000e+03 4.786202829950819913e-13
1.546000000000000000e+03 4.975466357563799213e-13
1.547000000000000000e+03 5.430307980592516376e-13
1.548000000000000000e+03 3.879505470344667709e-13
1.549000000000000000e+03 4.925694540998280885e-13
1.550000000000000000e+03 4.945343442863942119e-13
1.551000000000000000e+03 5.035269120560679687e-13
1.552000000000000000e+03 4.789042307721413630e-13
1.553000000000000000e+03 4.967059823148087548e-13
1.554000000000000000e+03 5.070470842673515900e-13
1.555000000000000000e+03 4.807101204370037051e-13
1.556000000000000000e+03 3.837658602691529822e-13
1.557000000000000000e+03 4.243804162837958343e-13
1.558000000000000000e+03 4.450296995338196077e-13
1.559000000000000000e+03 5.205071089032505945e-13
1.560000000000000000e+03 6.223742709941700249e-13
1.561000000000000000e+03 4.987802247499765313e-13
1.562000000000000000e+03 4.000952576571666189e-13
1.563000000000000000e+03 5.468971538503814520e-13
1.564000000000000000e+03 5.406482883623431036e-13
1.565000000000000000e+03 6.032043268646621691e-13
1.566000000000000000e+03 5.210051502122113541e-13
1.567000000000000000e+03 5.621058592692880421e-13
1.568000000000000000e+03 4.328227545782608061e-13
1.569000000000000000e+03 5.497973317101753717e-13
1.570000000000000000e+03 3.866598531075893287e-13
1.571000000000000000e+03 4.956430296183014531e-13
1.572000000000000000e+03 6.159142448603606992e-13
1.573000000000000000e+03 5.514626064714217146e-13
1.574000000000000000e+03 4.937960776157505110e-13
1.575000000000000000e+03 4.263797838052343423e-13
1.576000000000000000e+03 5.395129258633449878e-13
1.577000000000000000e+03 4.988662830242384446e-13
1.578000000000000000e+03 5.404350757864428275e-13
1.579000000000000000e+03 4.634739803236873843e-13
1.580000000000000000e+03 5.160641570453741451e-13
1.581000000000000000e+03 5.471817909291999320e-13
1.582000000000000000e+03 5.062909157943636956e-13
1.583000000000000000e+03 5.181953017118267166e-13
1.584000000000000000e+03 4.959438722228649084e-13
1.585000000000000000e+03 5.289759903005229977e-13
1.586000000000000000e+03 4.910007364861691414e-13
1.587000000000000000e+03 4.667088870543780550e-13
1.588000000000000000e+03 4.659883576315242797e-13
1.589000000000000000e+03 5.065462098943563642e-13
1.590000000000000000e+03 5.261935282673547537e-13
1.591000000000000000e+03 4.560917566382530859e-13
1.592000000000000000e+03 4.266200473651030291e-13
1.593000000000000000e+03 5.427726694121586299e-13
1.594000000000000000e+03 6.795216617416116601e-13
1.595000000000000000e+03 5.680394772828693223e-13
1.596000000000000000e+03 5.886937384231214724e-13
1.597000000000000000e+03 4.221597271930843926e-13
1.598000000000000000e+03 4.588021512968641577e-13
1.599000000000000000e+03 5.313729233454078054e-13
1.600000000000000000e+03 3.652167238127719718e-13
1.601000000000000000e+03 5.456542586661601731e-13
1.602000000000000000e+03 6.143774177009806722e-13
1.603000000000000000e+03 4.292222143208901182e-13
1.604000000000000000e+03 4.751657307358682161e-13
1.605000000000000000e+03 4.517959963808488602e-13
1.606000000000000000e+03 4.822188515745456486e-13
1.607000000000000000e+03 3.776497006156126009e-13
1.608000000000000000e+03 4.864113412682634968e-13
1.609000000000000000e+03 4.069048309759110231e-13
1.610000000000000000e+03 5.299926218755770124e-13
1.611000000000000000e+03 4.532645363972255400e-13
1.612000000000000000e+03 4.749976932193841117e-13
1.613000000000000000e+03 4.104066869475820604e-13
1.614000000000000000e+03 5.612578830503195891e-13
1.615000000000000000e+03 6.897917895342214587e-13
1.616000000000000000e+03 5.815197813719230144e-13
1.617000000000000000e+03 7.005266610429627876e-13
1.618000000000000000e+03 5.644061595420085124e-13
1.619000000000000000e+03 4.312007640021512645e-13
1.620000000000000000e+03 3.925439677402696841e-13
1.621000000000000000e+03 4.570742982523922842e-13
1.622000000000000000e+03 4.236454377781118230e-13
1.623000000000000000e+03 4.799647166778806620e-13
1.624000000000000000e+03 5.840575892468274949e-13
1.625000000000000000e+03 4.788588183052534653e-13
1.626000000000000000e+03 4.778188333931613629e-13
1.627000000000000000e+03 6.159178957180702406e-13
1.628000000000000000e+03 6.418378945329569595e-13
1.629000000000000000e+03 5.326571589160871737e-13
1.630000000000000000e+03 5.948121764600490174e-13
1.631000000000000000e+03 5.734900760066772462e-13
1.632000000000000000e+03 4.584500941906702568e-13
1.633000000000000000e+03 4.953066433561796517e-13
1.634000000000000000e+03 5.393255230182438052e-13
1.635000000000000000e+03 4.869245333332154974e-13
1.636000000000000000e+03 4.764966879379499730e-13
1.637000000000000000e+03 3.910707294113057222e-13
1.638000000000000000e+03 5.496963084428320331e-13
1.639000000000000000e+03 5.062848316207548325e-13
1.640000000000000000e+03 5.917381658932661354e-13
1.641000000000000000e+03 5.551657682431006785e-13
1.642000000000000000e+03 4.718938278803565983e-13
1.643000000000000000e+03 3.662853075170277074e-13
1.644000000000000000e+03 3.604462245528518646e-13
1.645000000000000000e+03 4.287725824408027024e-13
1.646000000000000000e+03 4.807037914784908818e-13
1.647000000000000000e+03 6.013885214676800703e-13
1.648000000000000000e+03 5.885616746242837271e-13
1.649000000000000000e+03 4.465975892784478653e-13
1.650000000000000000e+03 4.847386454007069054e-13
1.651000000000000000e+03 4.231241999299565425e-13
1.652000000000000000e+03 3.758901830647064108e-13
1.653000000000000000e+03 4.068563909861431292e-13
1.654000000000000000e+03 4.789071057542339363e-13
1.655000000000000000e+03 4.885922825546867219e-13
1.656000000000000000e+03 4.130219013389770357e-13
1.657000000000000000e+03 4.181790721383350086e-13
1.658000000000000000e+03 4.516314328461878536e-13
1.659000000000000000e+03 5.271078769115975812e-13
1.660000000000000000e+03 5.522326642616081226e-13
1.661000000000000000e+03 4.210158894661061869e-13
1.662000000000000000e+03 4.116106419442177880e-13
1.663000000000000000e+03 4.380289601215646398e-13
1.664000000000000000e+03 4.412498080358457862e-13
1.665000000000000000e+03 4.428958152818771806e-13
1.666000000000000000e+03 4.218716523594343909e-13
1.667000000000000000e+03 5.592285535620740809e-13
1.668000000000000000e+03 4.584115849467197020e-13
1.669000000000000000e+03 4.734768820054906854e-13
1.670000000000000000e+03 5.290353212970604181e-13
1.671000000000000000e+03 4.536082730988558577e-13
1.672000000000000000e+03 4.792760073362839032e-13
1.673000000000000000e+03 4.874889355516700422e-13
1.674000000000000000e+03 4.460525133147980349e-13
1.675000000000000000e+03 4.648189346047649887e-13
1.676000000000000000e+03 4.053982207723548671e-13
1.677000000000000000e+03 4.864066247778287133e-13
1.678000000000000000e+03 4.060746127913706775e-13
1.679000000000000000e+03 5.557996796044760692e-13
1.680000000000000000e+03 4.758025435077877502e-13
1.681000000000000000e+03 6.137559861759877798e-13
1.682000000000000000e+03 5.428374645097255556e-13
1.683000000000000000e+03 4.522886155265779198e-13
1.684000000000000000e+03 4.781380862939579713e-13
1.685000000000000000e+03 4.639064211384890088e-13
1.686000000000000000e+03 3.831413495419476685e-13
1.687000000000000000e+03 4.709677622498066246e-13
1.688000000000000000e+03 5.991211030302784357e-13
1.689000000000000000e+03 4.223735489570573987e-13
1.690000000000000000e+03 4.033706706543696073e-13
1.691000000000000000e+03 4.244528831529610293e-13
1.692000000000000000e+03 5.252432235467951606e-13
1.693000000000000000e+03 5.596037574463465196e-13
1.694000000000000000e+03 4.789200201580028207e-13
1.695000000000000000e+03 3.848251611486574106e-13
1.696000000000000000e+03 6.255898790594261071e-13
1.697000000000000000e+03 4.836507504408448501e-13
1.698000000000000000e+03 4.969749870488245769e-13
1.699000000000000000e+03 4.845312106119725197e-13
1.700000000000000000e+03 5.079174537331863272e-13
1.701000000000000000e+03 4.341162596599024131e-13
1.702000000000000000e+03 4.591996457805947125e-13
1.703000000000000000e+03 5.338188103013300640e-13
1.704000000000000000e+03 5.360950061536336129e-13
1.705000000000000000e+03 5.595385772670365394e-13
1.706000000000000000e+03 5.040418439826153607e-13
1.707000000000000000e+03 6.020287506047983715e-13
1.708000000000000000e+03 3.878543156059233244e-13
1.709000000000000000e+03 3.695600110506395657e-13
1.710000000000000000e+03 4.426916621921191809e-13
1.711000000000000000e+03 6.064163511758063106e-13
1.712000000000000000e+03 4.358029195213090551e-13
1.713000000000000000e+03 4.162530332561094827e-13
1.714000000000000000e+03 4.049997449231715668e-13
1.715000000000000000e+03 3.583499122440648788e-13
1.716000000000000000e+03 4.769060828312784186e-13
1.717000000000000000e+03 4.309619729454140114e-13
1.718000000000000000e+03 5.718736613155024646e-13
1.719000000000000000e+03 5.354625603579689390e-13
1.720000000000000000e+03 4.316093956920679799e-13
1.721000000000000000e+03 5.546560488568726666e-13
1.722000000000000000e+03 5.060310414608377468e-13
1.723000000000000000e+03 4.151210687898237818e-13
1.724000000000000000e+03 4.573030355095022571e-13
1.725000000000000000e+03 4.365433360937514925e-13
1.726000000000000000e+03 3.764889854468433243e-13
1.727000000000000000e+03 4.382774691551886770e-13
1.728000000000000000e+03 5.356583065553227374e-13
1.729000000000000000e+03 4.161671080110851729e-13
1.730000000000000000e+03 5.786667265870075235e-13
1.731000000000000000e+03 5.546874698894670272e-13
1.732000000000000000e+03 5.696486168080717487e-13
1.733000000000000000e+03 4.986882327778044669e-13
1.734000000000000000e+03 6.571859318459291291e-13
1.735000000000000000e+03 5.852869187963151083e-13
1.736000000000000000e+03 4.430018126448012547e-13
1.737000000000000000e+03 3.899896370518397440e-13
1.738000000000000000e+03 5.081697667199951897e-13
1.739000000000000000e+03 6.920097980091129669e-13
1.740000000000000000e+03 5.094522639916420240e-13
1.741000000000000000e+03 3.880081130501704275e-13
1.742000000000000000e+03 3.634790103978996192e-13
1.743000000000000000e+03 4.918126140719407299e-13
1.744000000000000000e+03 4.607821362422444172e-13
1.745000000000000000e+03 4.781138330596890831e-13
1.746000000000000000e+03 5.797690496783680241e-13
1.747000000000000000e+03 5.688737587750209486e-13
1.748000000000000000e+03 4.378180099975813033e-13
1.749000000000000000e+03 5.265023357415857390e-13
1.750000000000000000e+03 4.667343161493644908e-13
1.751000000000000000e+03 5.020768604519071885e-13
1.752000000000000000e+03 4.957028471876575358e-13
1.753000000000000000e+03 3.784454603760696103e-13
1.754000000000000000e+03 4.397748569124036289e-13
1.755000000000000000e+03 4.799584945186253184e-13
1.756000000000000000e+03 5.983772296247024180e-13
1.757000000000000000e+03 4.476656785425751813e-13
1.758000000000000000e+03 5.361407439674899368e-13
1.759000000000000000e+03 5.792826926178359887e-13
1.760000000000000000e+03 5.301425855172682465e-13
1.761000000000000000e+03 4.682812378295013258e-13
1.762000000000000000e+03 4.181346751769457462e-13
1.763000000000000000e+03 4.781055453152718151e-13
1.764000000000000000e+03 4.518525878163932193e-13
1.765000000000000000e+03 4.925813977687979404e-13
1.766000000000000000e+03 4.576310453862358890e-13
1.767000000000000000e+03 5.262119752333980829e-13
1.768000000000000000e+03 5.701179844391820724e-13
1.769000000000000000e+03 3.891709183357184971e-13
1.770000000000000000e+03 6.041050302917360971e-13
1.771000000000000000e+03 5.115123020153014888e-13
1.772000000000000000e+03 4.735018065133368501e-13
1.773000000000000000e+03 4.161540612493525642e-13
1.774000000000000000e+03 5.420242109996225606e-13
1.775000000000000000e+03 4.022867995540236501e-13
1.776000000000000000e+03 3.805988251676613334e-13
1.777000000000000000e+03 4.724559061406128844e-13
1.778000000000000000e+03 5.273888671388797532e-13
1.779000000000000000e+03 4.743520373669260650e-13
1.780000000000000000e+03 3.978328682753000319e-13
1.781000000000000000e+03 3.960071717241878986e-13
1.782000000000000000e+03 4.512643534284167315e-13
1.783000000000000000e+03 4.727830291420362963e-13
1.784000000000000000e+03 6.137423503915153392e-13
1.785000000000000000e+03 4.664902180041771137e-13
1.786000000000000000e+03 4.615038590114973467e-13
