-9.011532125205931054e-01 6.622950819672130951e-01
-7.924217462932453548e-01 7.180327868852458550e-01
-6.902800658978581749e-01 6.885245901639344135e-01
-5.650741350906094418e-01 6.819672131147540561e-01
-3.245469522240527205e-01 7.770491803278688492e-01
-8.072487644151571384e-02 9.967213114754098768e-01
1.565074135090613883e-01 1.091803278688524559e+00
4.036243822075786802e-01 1.118032786885245988e+00
6.144975288303131666e-01 1.108196721311475397e+00
9.341021416803956257e-01 9.508196721311474864e-01
