-9.011532125205931054e-01 -9.011532125205931054e-01
-7.924217462932453548e-01 -7.924217462932453548e-01
-6.902800658978581749e-01 -6.902800658978581749e-01
-5.650741350906094418e-01 -5.650741350906094418e-01
-3.245469522240527205e-01 -3.245469522240527205e-01
-8.072487644151571384e-02 -8.072487644151571384e-02
1.565074135090613883e-01 1.565074135090613883e-01
4.036243822075786802e-01 4.036243822075786802e-01
6.144975288303131666e-01 6.144975288303131666e-01
9.341021416803956257e-01 9.341021416803956257e-01
