1.000000000000000000e+00 0.000000000000000000e+00
2.000000000000000000e+00 4.419765737969443831e-01
3.000000000000000000e+00 5.007125965160299508e-01
4.000000000000000000e+00 7.492457148416842294e-01
5.000000000000000000e+00 9.999999999999998890e-01
6.000000000000000000e+00 1.042837978650114961e+00
7.000000000000000000e+00 9.814845250688473133e-01
8.000000000000000000e+00 8.512075235393875561e-01
9.000000000000000000e+00 7.225322085295688979e-01
1.000000000000000000e+01 6.195216826325679049e-01
1.100000000000000000e+01 5.511254690035971571e-01
1.200000000000000000e+01 5.069122566626905746e-01
1.300000000000000000e+01 4.550710573285285943e-01
1.400000000000000000e+01 4.004290513426311815e-01
1.500000000000000000e+01 3.694523139978090343e-01
1.600000000000000000e+01 3.425575458268785844e-01
1.700000000000000000e+01 3.193633735846738153e-01
1.800000000000000000e+01 2.936095116441075348e-01
1.900000000000000000e+01 2.736200706133694593e-01
2.000000000000000000e+01 2.511389204040054834e-01
2.100000000000000000e+01 2.355376903073748418e-01
2.200000000000000000e+01 2.220634434566594040e-01
2.300000000000000000e+01 2.108839917620998761e-01
2.400000000000000000e+01 1.985270639833915385e-01
2.500000000000000000e+01 1.882580918116879554e-01
2.600000000000000000e+01 1.800534991666101758e-01
2.700000000000000000e+01 1.705051506800920602e-01
2.800000000000000000e+01 1.618901927875875113e-01
2.900000000000000000e+01 1.534464927728441119e-01
3.000000000000000000e+01 1.452494690000150912e-01
3.100000000000000000e+01 1.382387177867395733e-01
3.200000000000000000e+01 1.309179838727100587e-01
3.300000000000000000e+01 1.241773374917332917e-01
3.400000000000000000e+01 1.176200527724545614e-01
3.500000000000000000e+01 1.117569537080386338e-01
3.600000000000000000e+01 1.055456355371085092e-01
3.700000000000000000e+01 1.000590239651276414e-01
3.800000000000000000e+01 9.499848554063075601e-02
3.900000000000000000e+01 8.987934073980466398e-02
4.000000000000000000e+01 8.549086924928160636e-02
4.100000000000000000e+01 8.188982887996434923e-02
4.200000000000000000e+01 7.874341960613040481e-02
4.300000000000000000e+01 7.518485179872069768e-02
4.400000000000000000e+01 7.230535915680537384e-02
4.500000000000000000e+01 6.983855721271671479e-02
4.600000000000000000e+01 6.768134470298231564e-02
4.700000000000000000e+01 6.539380622934258536e-02
4.800000000000000000e+01 6.303411543067996559e-02
4.900000000000000000e+01 6.067804889855283462e-02
5.000000000000000000e+01 5.839095553648960407e-02
5.100000000000000000e+01 5.611001782821402328e-02
5.200000000000000000e+01 5.378944116387384539e-02
5.300000000000000000e+01 5.120890222856545188e-02
5.400000000000000000e+01 4.881783663022648545e-02
5.500000000000000000e+01 4.662707412327467965e-02
5.600000000000000000e+01 4.451418629513902853e-02
5.700000000000000000e+01 4.242397487917948934e-02
5.800000000000000000e+01 4.036291133952242538e-02
5.900000000000000000e+01 3.835179517670862098e-02
6.000000000000000000e+01 3.642904881568941045e-02
6.100000000000000000e+01 3.464129147809617837e-02
6.200000000000000000e+01 3.292734685239755849e-02
6.300000000000000000e+01 3.131865008237472853e-02
6.400000000000000000e+01 2.987607321681677933e-02
6.500000000000000000e+01 2.851845834933973423e-02
6.600000000000000000e+01 2.726122330749017678e-02
6.700000000000000000e+01 2.605704469083196945e-02
6.800000000000000000e+01 2.489155232987587049e-02
6.900000000000000000e+01 2.376892732456079363e-02
7.000000000000000000e+01 2.267518565946747763e-02
7.100000000000000000e+01 2.165076918693418020e-02
7.200000000000000000e+01 2.069861466578261366e-02
7.300000000000000000e+01 1.979624097919637296e-02
7.400000000000000000e+01 1.895124115372312512e-02
7.500000000000000000e+01 1.814568041205598045e-02
7.600000000000000000e+01 1.738969772471701813e-02
7.700000000000000000e+01 1.667120981798391605e-02
7.800000000000000000e+01 1.598424832071160262e-02
7.900000000000000000e+01 1.531590286736483029e-02
8.000000000000000000e+01 1.469050316269312345e-02
8.100000000000000000e+01 1.409615936865315187e-02
8.200000000000000000e+01 1.352539498719848229e-02
8.300000000000000000e+01 1.298276394562374210e-02
8.400000000000000000e+01 1.246842144066450872e-02
8.500000000000000000e+01 1.198281310839202293e-02
8.600000000000000000e+01 1.152136194781180900e-02
8.700000000000000000e+01 1.108006689599745805e-02
8.800000000000000000e+01 1.065703455827726916e-02
8.900000000000000000e+01 1.025126691985619315e-02
9.000000000000000000e+01 9.862678272820045791e-03
9.100000000000000000e+01 9.490295582844849795e-03
9.200000000000000000e+01 9.133904221351418079e-03
9.300000000000000000e+01 8.793833004650371266e-03
9.400000000000000000e+01 8.469231072355375839e-03
9.500000000000000000e+01 8.159023170518352533e-03
9.600000000000000000e+01 7.863039025740384269e-03
9.700000000000000000e+01 7.581007265474372370e-03
9.800000000000000000e+01 7.309323249466679467e-03
9.900000000000000000e+01 7.049726856613989026e-03
1.000000000000000000e+02 6.802137044063173883e-03
1.010000000000000000e+02 6.566536476602964113e-03
1.020000000000000000e+02 6.341490911456812776e-03
1.030000000000000000e+02 6.126339437096165429e-03
1.040000000000000000e+02 5.920393778928647634e-03
1.050000000000000000e+02 5.722958293469213552e-03
1.060000000000000000e+02 5.534056815936374760e-03
1.070000000000000000e+02 5.353739234030548133e-03
1.080000000000000000e+02 5.180785303799621995e-03
1.090000000000000000e+02 5.014752010221290753e-03
1.100000000000000000e+02 4.855834364723346855e-03
1.110000000000000000e+02 4.704087074133947270e-03
1.120000000000000000e+02 4.558596721641330722e-03
1.130000000000000000e+02 4.418006324131662846e-03
1.140000000000000000e+02 4.282998397354860487e-03
1.150000000000000000e+02 4.152219476855860750e-03
1.160000000000000000e+02 4.026606826212275961e-03
1.170000000000000000e+02 3.906317496056173864e-03
1.180000000000000000e+02 3.790653657679630972e-03
1.190000000000000000e+02 3.679219851323593284e-03
1.200000000000000000e+02 3.571854566912043959e-03
1.210000000000000000e+02 3.468421132314946070e-03
1.220000000000000000e+02 3.368801925130938697e-03
1.230000000000000000e+02 3.272874458771890104e-03
1.240000000000000000e+02 3.180530026940822826e-03
1.250000000000000000e+02 3.091651497800581086e-03
1.260000000000000000e+02 3.006095382504602505e-03
1.270000000000000000e+02 2.923779432916076733e-03
1.280000000000000000e+02 2.844912428118543876e-03
1.290000000000000000e+02 2.768364819621271615e-03
1.300000000000000000e+02 2.694419545900653655e-03
1.310000000000000000e+02 2.622849804613696864e-03
1.320000000000000000e+02 2.553611566369171082e-03
1.330000000000000000e+02 2.486681552407121482e-03
1.340000000000000000e+02 2.421990743136131791e-03
1.350000000000000000e+02 2.359413423748050413e-03
1.360000000000000000e+02 2.298906241970279183e-03
1.370000000000000000e+02 2.240368625468504207e-03
1.380000000000000000e+02 2.183702150738213183e-03
1.390000000000000000e+02 2.128825503325622488e-03
1.400000000000000000e+02 2.075655955411320405e-03
1.410000000000000000e+02 2.024131793804834559e-03
1.420000000000000000e+02 1.974197687496117778e-03
1.430000000000000000e+02 1.925792553482793407e-03
1.440000000000000000e+02 1.878861534523771498e-03
1.450000000000000000e+02 1.833330628775764947e-03
1.460000000000000000e+02 1.789229071675453586e-03
1.470000000000000000e+02 1.746412246097390651e-03
1.480000000000000000e+02 1.704843361009320034e-03
1.490000000000000000e+02 1.664481073854748262e-03
1.500000000000000000e+02 1.625262361733108459e-03
1.510000000000000000e+02 1.587194507596941147e-03
1.520000000000000000e+02 1.550205851690912053e-03
1.530000000000000000e+02 1.514282711196383076e-03
1.540000000000000000e+02 1.479357031516433931e-03
1.550000000000000000e+02 1.445409879715535591e-03
1.560000000000000000e+02 1.412407423005217297e-03
1.570000000000000000e+02 1.380305435628378062e-03
1.580000000000000000e+02 1.349070968622610462e-03
1.590000000000000000e+02 1.318677031424571365e-03
1.600000000000000000e+02 1.289088416676131398e-03
1.610000000000000000e+02 1.260274594116965723e-03
1.620000000000000000e+02 1.232208948363317175e-03
1.630000000000000000e+02 1.204868628889216092e-03
1.640000000000000000e+02 1.178226228079590470e-03
1.650000000000000000e+02 1.152261278955878923e-03
1.660000000000000000e+02 1.126952471580288783e-03
1.670000000000000000e+02 1.102277551700205733e-03
1.680000000000000000e+02 1.078216837442755229e-03
1.690000000000000000e+02 1.054744677481397408e-03
1.700000000000000000e+02 1.031850776629413945e-03
1.710000000000000000e+02 1.009521268108142227e-03
1.720000000000000000e+02 9.877326515781786279e-04
1.730000000000000000e+02 9.664703249445028184e-04
1.740000000000000000e+02 9.457204200809259283e-04
1.750000000000000000e+02 9.254688096588148567e-04
1.760000000000000000e+02 9.057013960315912771e-04
1.770000000000000000e+02 8.864035768440314345e-04
1.780000000000000000e+02 8.675606202852361197e-04
1.790000000000000000e+02 8.491587707516054734e-04
1.800000000000000000e+02 8.311858067066501751e-04
1.810000000000000000e+02 8.136302322035265629e-04
1.820000000000000000e+02 7.964812443489458415e-04
1.830000000000000000e+02 7.797280949981606367e-04
1.840000000000000000e+02 7.633603781007955013e-04
1.850000000000000000e+02 7.473677452332649386e-04
1.860000000000000000e+02 7.317398748807945686e-04
1.870000000000000000e+02 7.164668797817024806e-04
1.880000000000000000e+02 7.015390029467528064e-04
1.890000000000000000e+02 6.869464364301779320e-04
1.900000000000000000e+02 6.726793914247366189e-04
1.910000000000000000e+02 6.587272856026436503e-04
1.920000000000000000e+02 6.450832972032062356e-04
1.930000000000000000e+02 6.317404234991235660e-04
1.940000000000000000e+02 6.186919961695039718e-04
1.950000000000000000e+02 6.059296089499417465e-04
1.960000000000000000e+02 5.934490576360402711e-04
1.970000000000000000e+02 5.812431250109301607e-04
1.980000000000000000e+02 5.693038160231194723e-04
1.990000000000000000e+02 5.576248855599590755e-04
2.000000000000000000e+02 5.461998394690345754e-04
2.010000000000000000e+02 5.350222873710682543e-04
2.020000000000000000e+02 5.240852619096850011e-04
2.030000000000000000e+02 5.133836256075639771e-04
2.040000000000000000e+02 5.029120254472994314e-04
2.050000000000000000e+02 4.926631605324092609e-04
2.060000000000000000e+02 4.826321932757268946e-04
2.070000000000000000e+02 4.728144701995828317e-04
2.080000000000000000e+02 4.632054057469559526e-04
2.090000000000000000e+02 4.538004274099778244e-04
2.100000000000000000e+02 4.445948696732373749e-04
2.110000000000000000e+02 4.355839473676909350e-04
2.120000000000000000e+02 4.267630202717630889e-04
2.130000000000000000e+02 4.181277651252543492e-04
2.140000000000000000e+02 4.096739238162009928e-04
2.150000000000000000e+02 4.013973890427527174e-04
2.160000000000000000e+02 3.932941519143006706e-04
2.170000000000000000e+02 3.853602378187659383e-04
2.180000000000000000e+02 3.775918123740957654e-04
2.190000000000000000e+02 3.699852038195720351e-04
2.200000000000000000e+02 3.625367964924057214e-04
2.210000000000000000e+02 3.552430540920000716e-04
2.220000000000000000e+02 3.481005259342207663e-04
2.230000000000000000e+02 3.411056863983973433e-04
2.240000000000000000e+02 3.342543961523065173e-04
2.250000000000000000e+02 3.275447321537005478e-04
2.260000000000000000e+02 3.209735022678813707e-04
2.270000000000000000e+02 3.145376240494188440e-04
2.280000000000000000e+02 3.082340645409319016e-04
2.290000000000000000e+02 3.020599468558321597e-04
2.300000000000000000e+02 2.960124596683601900e-04
2.310000000000000000e+02 2.900888580955550389e-04
2.320000000000000000e+02 2.842864551408610030e-04
2.330000000000000000e+02 2.786026314958935275e-04
2.340000000000000000e+02 2.730348364504439716e-04
2.350000000000000000e+02 2.675805808657248869e-04
2.360000000000000000e+02 2.622374372664310884e-04
2.370000000000000000e+02 2.570030374352343886e-04
2.380000000000000000e+02 2.518750691350608861e-04
2.390000000000000000e+02 2.468512748582624779e-04
2.400000000000000000e+02 2.419294509970926384e-04
2.410000000000000000e+02 2.371074439299739902e-04
2.420000000000000000e+02 2.323831490572864664e-04
2.430000000000000000e+02 2.277545080914187257e-04
2.440000000000000000e+02 2.232195190486566268e-04
2.450000000000000000e+02 2.187762185435029362e-04
2.460000000000000000e+02 2.144226868173566781e-04
2.470000000000000000e+02 2.101570477723576171e-04
2.480000000000000000e+02 2.059774681808504892e-04
2.490000000000000000e+02 2.018821556994196821e-04
2.500000000000000000e+02 1.978693578334366138e-04
2.510000000000000000e+02 1.939373629223235785e-04
2.520000000000000000e+02 1.900844940719256023e-04
2.530000000000000000e+02 1.863091100380700538e-04
2.540000000000000000e+02 1.826096077250763980e-04
2.550000000000000000e+02 1.789844200537145282e-04
2.560000000000000000e+02 1.754320142480804683e-04
2.570000000000000000e+02 1.719508909690733458e-04
2.580000000000000000e+02 1.685395834808930168e-04
2.590000000000000000e+02 1.651966569816164026e-04
2.600000000000000000e+02 1.619207078504700736e-04
2.610000000000000000e+02 1.587103628955148027e-04
2.620000000000000000e+02 1.555642785482385011e-04
2.630000000000000000e+02 1.524811405706524142e-04
2.640000000000000000e+02 1.494596608380206239e-04
2.650000000000000000e+02 1.464985808507230486e-04
2.660000000000000000e+02 1.435966703653002836e-04
2.670000000000000000e+02 1.407527608369221479e-04
2.680000000000000000e+02 1.379657292293997228e-04
2.690000000000000000e+02 1.352343918596984982e-04
2.700000000000000000e+02 1.325575634710173477e-04
2.710000000000000000e+02 1.299341080215095498e-04
2.720000000000000000e+02 1.273629372895006837e-04
2.730000000000000000e+02 1.248429955832721359e-04
2.740000000000000000e+02 1.223732498619661347e-04
2.750000000000000000e+02 1.199526866906528192e-04
2.760000000000000000e+02 1.175803122609542857e-04
2.770000000000000000e+02 1.152551528791067741e-04
2.780000000000000000e+02 1.129762551075797926e-04
2.790000000000000000e+02 1.107426856194325973e-04
2.800000000000000000e+02 1.085535305938630380e-04
2.810000000000000000e+02 1.064078952471410268e-04
2.820000000000000000e+02 1.043049035579349032e-04
2.830000000000000000e+02 1.022436976175983899e-04
2.840000000000000000e+02 1.002234365659454010e-04
2.850000000000000000e+02 9.824329744924184700e-05
2.860000000000000000e+02 9.630247460544501931e-05
2.870000000000000000e+02 9.440017880011318790e-05
2.880000000000000000e+02 9.253563679563429748e-05
2.890000000000000000e+02 9.070809108960249450e-05
2.900000000000000000e+02 8.891679970937310467e-05
2.910000000000000000e+02 8.716103594996511968e-05
2.920000000000000000e+02 8.544008806680285521e-05
2.930000000000000000e+02 8.375325894197122739e-05
2.940000000000000000e+02 8.209986575366481790e-05
2.950000000000000000e+02 8.047923964558626614e-05
2.960000000000000000e+02 7.889072541970351259e-05
2.970000000000000000e+02 7.733368123723837286e-05
2.980000000000000000e+02 7.580747833698173307e-05
2.990000000000000000e+02 7.431150076174679385e-05
3.000000000000000000e+02 7.284514509568316054e-05
3.010000000000000000e+02 7.140782020333823362e-05
3.020000000000000000e+02 6.999894697359969082e-05
3.030000000000000000e+02 6.861795806803168505e-05
3.040000000000000000e+02 6.726429766862789060e-05
3.050000000000000000e+02 6.593742123291935673e-05
3.060000000000000000e+02 6.463679525305162548e-05
3.070000000000000000e+02 6.336189701763962959e-05
3.080000000000000000e+02 6.211221438631676830e-05
3.090000000000000000e+02 6.088724556008028737e-05
3.100000000000000000e+02 5.968649886992119345e-05
3.110000000000000000e+02 5.850949255934517025e-05
3.120000000000000000e+02 5.735575458097311359e-05
3.130000000000000000e+02 5.622482239210020895e-05
3.140000000000000000e+02 5.511624275874088319e-05
3.150000000000000000e+02 5.402957156233141367e-05
3.160000000000000000e+02 5.296437361073852082e-05
3.170000000000000000e+02 5.192022245389372282e-05
3.180000000000000000e+02 5.089670020396237267e-05
3.190000000000000000e+02 4.989339735809086022e-05
3.200000000000000000e+02 4.890991262755301942e-05
3.210000000000000000e+02 4.794585276802161892e-05
3.220000000000000000e+02 4.700083241596700437e-05
3.230000000000000000e+02 4.607447392573651811e-05
3.240000000000000000e+02 4.516640721311947389e-05
3.250000000000000000e+02 4.427626960142534615e-05
3.260000000000000000e+02 4.340370566855302847e-05
3.270000000000000000e+02 4.254836710089541081e-05
3.280000000000000000e+02 4.170991254819199655e-05
3.290000000000000000e+02 4.088800748181298564e-05
3.300000000000000000e+02 4.008232405419254429e-05
3.310000000000000000e+02 3.929254096735703322e-05
3.320000000000000000e+02 3.851834333502820654e-05
3.330000000000000000e+02 3.775942255703496476e-05
3.340000000000000000e+02 3.701547618747353719e-05
3.350000000000000000e+02 3.628620781386392049e-05
3.360000000000000000e+02 3.557132693273225841e-05
3.370000000000000000e+02 3.487054883000646245e-05
3.380000000000000000e+02 3.418359446475822939e-05
3.390000000000000000e+02 3.351019035381439914e-05
3.400000000000000000e+02 3.285006846092608176e-05
3.410000000000000000e+02 3.220296608415640637e-05
3.420000000000000000e+02 3.156862575018592039e-05
3.430000000000000000e+02 3.094679510856781059e-05
3.440000000000000000e+02 3.033722682737415886e-05
3.450000000000000000e+02 2.973967849386425298e-05
3.460000000000000000e+02 2.915391251347324117e-05
3.470000000000000000e+02 2.857969601361625710e-05
3.480000000000000000e+02 2.801680074949681115e-05
3.490000000000000000e+02 2.746500300914142046e-05
3.500000000000000000e+02 2.692408352469591995e-05
3.510000000000000000e+02 2.639382738114087401e-05
3.520000000000000000e+02 2.587402392983082056e-05
3.530000000000000000e+02 2.536446670308207412e-05
3.540000000000000000e+02 2.486495332914321162e-05
3.550000000000000000e+02 2.437528545203590950e-05
3.560000000000000000e+02 2.389526864918496726e-05
3.570000000000000000e+02 2.342471235350322966e-05
3.580000000000000000e+02 2.296342977629485453e-05
3.590000000000000000e+02 2.251117671061893475e-05
3.600000000000000000e+02 2.206781776495556871e-05
3.610000000000000000e+02 2.163321053630483522e-05
3.620000000000000000e+02 2.120718760279213222e-05
3.630000000000000000e+02 2.078957092655170195e-05
3.640000000000000000e+02 2.038018426399967284e-05
3.650000000000000000e+02 1.997885835508030896e-05
3.660000000000000000e+02 1.958543127416086032e-05
3.670000000000000000e+02 1.919974690806170261e-05
3.680000000000000000e+02 1.882165350617818634e-05
3.690000000000000000e+02 1.845100270654889631e-05
3.700000000000000000e+02 1.808764902324662625e-05
3.710000000000000000e+02 1.773144958554820984e-05
3.720000000000000000e+02 1.738226403530324169e-05
3.730000000000000000e+02 1.703995451445409042e-05
3.740000000000000000e+02 1.670438570557337759e-05
3.750000000000000000e+02 1.637542488549519697e-05
3.760000000000000000e+02 1.605294197179065355e-05
3.770000000000000000e+02 1.573680953231730627e-05
3.780000000000000000e+02 1.542690275901478073e-05
3.790000000000000000e+02 1.512309940871409670e-05
3.800000000000000000e+02 1.482527972113846001e-05
3.810000000000000000e+02 1.453332631967175527e-05
3.820000000000000000e+02 1.424712412143182425e-05
3.830000000000000000e+02 1.396656025082930523e-05
3.840000000000000000e+02 1.369152396788028696e-05
3.850000000000000000e+02 1.342190661611378919e-05
3.860000000000000000e+02 1.315760158184629999e-05
3.870000000000000000e+02 1.289850425942833581e-05
3.880000000000000000e+02 1.264451203191853263e-05
3.890000000000000000e+02 1.239552424435958879e-05
3.900000000000000000e+02 1.215144218603353971e-05
3.910000000000000000e+02 1.191216905994721635e-05
3.920000000000000000e+02 1.167760996150920893e-05
3.930000000000000000e+02 1.144767184493530694e-05
3.940000000000000000e+02 1.122226349502383163e-05
3.950000000000000000e+02 1.100129549415962842e-05
3.960000000000000000e+02 1.078468018955513383e-05
3.970000000000000000e+02 1.057233166539213260e-05
3.980000000000000000e+02 1.036416570592834326e-05
3.990000000000000000e+02 1.016009977006839129e-05
4.000000000000000000e+02 9.960052956514789954e-06
4.010000000000000000e+02 9.763945976335523024e-06
4.020000000000000000e+02 9.571701119397916296e-06
4.030000000000000000e+02 9.383242226582545084e-06
4.040000000000000000e+02 9.198494657659138694e-06
4.050000000000000000e+02 9.017385259967279699e-06
4.060000000000000000e+02 8.839842337580477817e-06
4.070000000000000000e+02 8.665795621122445599e-06
4.080000000000000000e+02 8.495176236960200127e-06
4.090000000000000000e+02 8.327916677209123712e-06
4.100000000000000000e+02 8.163950771671207895e-06
4.110000000000000000e+02 8.003213656206661927e-06
4.120000000000000000e+02 7.845641748649313576e-06
4.130000000000000000e+02 7.691172719128981921e-06
4.140000000000000000e+02 7.539745465895040300e-06
4.150000000000000000e+02 7.391300089113797681e-06
4.160000000000000000e+02 7.245777866622249154e-06
4.170000000000000000e+02 7.103121229418966688e-06
4.180000000000000000e+02 6.963273742095102038e-06
4.190000000000000000e+02 6.826180076992053572e-06
4.200000000000000000e+02 6.691785993307344574e-06
4.210000000000000000e+02 6.560038317355009144e-06
4.220000000000000000e+02 6.430884921859501651e-06
4.230000000000000000e+02 6.304274704707761747e-06
4.240000000000000000e+02 6.180157568060133362e-06
4.250000000000000000e+02 6.058484402632315659e-06
4.260000000000000000e+02 5.939207064710348968e-06
4.270000000000000000e+02 5.822278361236828610e-06
4.280000000000000000e+02 5.707652027251018366e-06
4.290000000000000000e+02 5.595282710870328672e-06
4.300000000000000000e+02 5.485125953261766876e-06
4.310000000000000000e+02 5.377138175086536099e-06
4.320000000000000000e+02 5.271276652622689754e-06
4.330000000000000000e+02 5.167499508624818497e-06
4.340000000000000000e+02 5.065765687464713188e-06
4.350000000000000000e+02 4.966034947865883035e-06
4.360000000000000000e+02 4.868267838759179592e-06
4.370000000000000000e+02 4.772425687903413940e-06
4.380000000000000000e+02 4.678470585402811278e-06
4.390000000000000000e+02 4.586365369859498615e-06
4.400000000000000000e+02 4.496073610444035653e-06
4.410000000000000000e+02 4.407559596183958112e-06
4.420000000000000000e+02 4.320788317798419254e-06
4.430000000000000000e+02 4.235725457511783523e-06
4.440000000000000000e+02 4.152337373834711136e-06
4.450000000000000000e+02 4.070591086130741757e-06
4.460000000000000000e+02 3.990454264950876921e-06
4.470000000000000000e+02 3.911895217102713429e-06
4.480000000000000000e+02 3.834882874348072773e-06
4.490000000000000000e+02 3.759386778524884355e-06
4.500000000000000000e+02 3.685377073417369192e-06
4.510000000000000000e+02 3.612824489628746792e-06
4.520000000000000000e+02 3.541700334014901907e-06
4.530000000000000000e+02 3.471976479647102974e-06
4.540000000000000000e+02 3.403625351757593113e-06
4.550000000000000000e+02 3.336619919277538710e-06
4.560000000000000000e+02 3.270933685157602763e-06
4.570000000000000000e+02 3.206540672407198246e-06
4.580000000000000000e+02 3.143415415381169443e-06
4.590000000000000000e+02 3.081532951421773118e-06
4.600000000000000000e+02 3.020868808000100467e-06
4.610000000000000000e+02 2.961398996565516352e-06
4.620000000000000000e+02 2.903099999180719024e-06
4.630000000000000000e+02 2.845948761272171058e-06
4.640000000000000000e+02 2.789922684388816372e-06
4.650000000000000000e+02 2.734999612483243667e-06
4.660000000000000000e+02 2.681157827418911857e-06
4.670000000000000000e+02 2.628376038807866788e-06
4.680000000000000000e+02 2.576633375638872137e-06
4.690000000000000000e+02 2.525909377610316733e-06
4.700000000000000000e+02 2.476183987354508003e-06
4.710000000000000000e+02 2.427437543606625268e-06
4.720000000000000000e+02 2.379650770936309999e-06
4.730000000000000000e+02 2.332804773745293895e-06
4.740000000000000000e+02 2.286881030211061636e-06
4.750000000000000000e+02 2.241861381327330025e-06
4.760000000000000000e+02 2.197728026021830963e-06
4.770000000000000000e+02 2.154463514629476213e-06
4.780000000000000000e+02 2.112050740625998112e-06
4.790000000000000000e+02 2.070472934391643669e-06
4.800000000000000000e+02 2.029713657105102931e-06
4.810000000000000000e+02 1.989756792785392197e-06
4.820000000000000000e+02 1.950586542804057991e-06
4.830000000000000000e+02 1.912187420077218683e-06
4.840000000000000000e+02 1.874544242858459195e-06
4.850000000000000000e+02 1.837642127881781438e-06
4.860000000000000000e+02 1.801466484511896316e-06
4.870000000000000000e+02 1.766003010682162667e-06
4.880000000000000000e+02 1.731237684289968123e-06
4.890000000000000000e+02 1.697156760678739238e-06
4.900000000000000000e+02 1.663746765291222179e-06
4.910000000000000000e+02 1.630994489115279226e-06
4.920000000000000000e+02 1.598886982616117634e-06
4.930000000000000000e+02 1.567411552340158899e-06
4.940000000000000000e+02 1.536555754043558291e-06
4.950000000000000000e+02 1.506307387686629144e-06
4.960000000000000000e+02 1.476654494938594748e-06
4.970000000000000000e+02 1.447585353605872753e-06
4.980000000000000000e+02 1.419088469093776806e-06
4.990000000000000000e+02 1.391152576412776559e-06
5.000000000000000000e+02 1.363766631212719987e-06
5.010000000000000000e+02 1.336919805003203072e-06
5.020000000000000000e+02 1.310601485822045035e-06
5.030000000000000000e+02 1.284801267541021550e-06
5.040000000000000000e+02 1.259508950615271852e-06
5.050000000000000000e+02 1.234714535461709728e-06
5.060000000000000000e+02 1.210408221896421482e-06
5.070000000000000000e+02 1.186580397817219862e-06
5.080000000000000000e+02 1.163221644621371397e-06
5.090000000000000000e+02 1.140322727709399492e-06
5.100000000000000000e+02 1.117874594532792491e-06
5.110000000000000000e+02 1.095868369329138466e-06
5.120000000000000000e+02 1.074295353582426216e-06
5.130000000000000000e+02 1.053147018424589042e-06
5.140000000000000000e+02 1.032415002598291404e-06
5.150000000000000000e+02 1.012091111760227805e-06
5.160000000000000000e+02 9.921673095475219935e-07
5.170000000000000000e+02 9.726357203133454311e-07
5.180000000000000000e+02 9.534886228577414299e-07
5.190000000000000000e+02 9.347184473548493385e-07
5.200000000000000000e+02 9.163177735177483699e-07
5.210000000000000000e+02 8.982793277866426890e-07
5.220000000000000000e+02 8.805959787587485087e-07
5.230000000000000000e+02 8.632607355042714648e-07
5.240000000000000000e+02 8.462667451319497519e-07
5.250000000000000000e+02 8.296072897285859127e-07
5.260000000000000000e+02 8.132757834031576560e-07
5.270000000000000000e+02 7.972657702649837753e-07
5.280000000000000000e+02 7.815709208511184307e-07
5.290000000000000000e+02 7.661850312596208739e-07
5.300000000000000000e+02 7.511020186904936457e-07
5.310000000000000000e+02 7.363159211681662074e-07
5.320000000000000000e+02 7.218208926892454205e-07
5.330000000000000000e+02 7.076112036139198363e-07
5.340000000000000000e+02 6.936812369233605009e-07
5.350000000000000000e+02 6.800254860672447469e-07
5.360000000000000000e+02 6.666385520980975135e-07
5.370000000000000000e+02 6.535151433093086407e-07
5.380000000000000000e+02 6.406500720973950304e-07
5.390000000000000000e+02 6.280382523780738074e-07
5.400000000000000000e+02 6.156746987534264913e-07
5.410000000000000000e+02 6.035545242534914716e-07
5.420000000000000000e+02 5.916729373172013086e-07
5.430000000000000000e+02 5.800252412192030557e-07
5.440000000000000000e+02 5.686068310705047459e-07
5.450000000000000000e+02 5.574131939431623477e-07
5.460000000000000000e+02 5.464399047528029512e-07
5.470000000000000000e+02 5.356826250063015904e-07
5.480000000000000000e+02 5.251371033428712896e-07
5.490000000000000000e+02 5.147991706811083887e-07
5.500000000000000000e+02 5.046647399861937959e-07
5.510000000000000000e+02 4.947298061008197059e-07
5.520000000000000000e+02 4.849904410298174279e-07
5.530000000000000000e+02 4.754427953278104346e-07
5.540000000000000000e+02 4.660830950947868572e-07
5.550000000000000000e+02 4.569076396453784817e-07
5.560000000000000000e+02 4.479128022787411177e-07
5.570000000000000000e+02 4.390950281767248196e-07
5.580000000000000000e+02 4.304508311224597784e-07
5.590000000000000000e+02 4.219767942312698933e-07
5.600000000000000000e+02 4.136695682710084486e-07
5.610000000000000000e+02 4.055258686343186736e-07
5.620000000000000000e+02 3.975424776365273501e-07
5.630000000000000000e+02 3.897162385776849770e-07
5.640000000000000000e+02 3.820440580641668237e-07
5.650000000000000000e+02 3.745229042263807193e-07
5.660000000000000000e+02 3.671498029620130361e-07
5.670000000000000000e+02 3.599218411439279616e-07
5.680000000000000000e+02 3.528361611946069566e-07
5.690000000000000000e+02 3.458899622512607334e-07
5.700000000000000000e+02 3.390804994870392328e-07
5.710000000000000000e+02 3.324050800851968403e-07
5.720000000000000000e+02 3.258610672489043773e-07
5.730000000000000000e+02 3.194458730595883209e-07
5.740000000000000000e+02 3.131569626219339654e-07
5.750000000000000000e+02 3.069918494905673455e-07
5.760000000000000000e+02 3.009480979674443821e-07
5.770000000000000000e+02 2.950233188771647378e-07
5.780000000000000000e+02 2.892151702346857716e-07
5.790000000000000000e+02 2.835213570470057620e-07
5.800000000000000000e+02 2.779396288143913546e-07
5.810000000000000000e+02 2.724677790390369898e-07
5.820000000000000000e+02 2.671036451242417241e-07
5.830000000000000000e+02 2.618451073331971031e-07
5.840000000000000000e+02 2.566900876069244670e-07
5.850000000000000000e+02 2.516365477319778844e-07
5.860000000000000000e+02 2.466824919473576663e-07
5.870000000000000000e+02 2.418259609958803512e-07
5.880000000000000000e+02 2.370650358795610574e-07
5.890000000000000000e+02 2.323978353203804164e-07
5.900000000000000000e+02 2.278225146312177653e-07
5.910000000000000000e+02 2.233372654723607527e-07
5.920000000000000000e+02 2.189403156059445584e-07
5.930000000000000000e+02 2.146299275612648196e-07
5.940000000000000000e+02 2.104043975983974834e-07
5.950000000000000000e+02 2.062620553030515127e-07
5.960000000000000000e+02 2.022012641492199977e-07
5.970000000000000000e+02 1.982204197587930472e-07
5.980000000000000000e+02 1.943179483473136872e-07
5.990000000000000000e+02 1.904923079379999295e-07
6.000000000000000000e+02 1.867419863013204246e-07
6.010000000000000000e+02 1.830655020669465986e-07
6.020000000000000000e+02 1.794614021476198140e-07
6.030000000000000000e+02 1.759282612569245541e-07
6.040000000000000000e+02 1.724646840708042729e-07
6.050000000000000000e+02 1.690693016243810164e-07
6.060000000000000000e+02 1.657407718449793074e-07
6.070000000000000000e+02 1.624777796753948758e-07
6.080000000000000000e+02 1.592790345739296701e-07
6.090000000000000000e+02 1.561432741848186305e-07
6.100000000000000000e+02 1.530692578362603673e-07
6.110000000000000000e+02 1.500557704114667582e-07
6.120000000000000000e+02 1.471016221773581853e-07
6.130000000000000000e+02 1.442056435947709347e-07
6.140000000000000000e+02 1.413666924503617988e-07
6.150000000000000000e+02 1.385836448530952657e-07
6.160000000000000000e+02 1.358554015704614897e-07
6.170000000000000000e+02 1.331808837549622715e-07
6.180000000000000000e+02 1.305590346841956167e-07
6.190000000000000000e+02 1.279888177442450690e-07
6.200000000000000000e+02 1.254692172359283912e-07
6.210000000000000000e+02 1.229992366723785231e-07
6.220000000000000000e+02 1.205778994786679936e-07
6.230000000000000000e+02 1.182042492577855249e-07
6.240000000000000000e+02 1.158773470365617411e-07
6.250000000000000000e+02 1.135962728426298194e-07
6.260000000000000000e+02 1.113601245850987409e-07
6.270000000000000000e+02 1.091680185784519826e-07
6.280000000000000000e+02 1.070190881118504776e-07
6.290000000000000000e+02 1.049124831886636967e-07
6.300000000000000000e+02 1.028473700603443873e-07
6.310000000000000000e+02 1.008229337516272696e-07
6.320000000000000000e+02 9.883837195280200151e-08
6.330000000000000000e+02 9.689290117178233590e-08
6.340000000000000000e+02 9.498575053159869236e-08
6.350000000000000000e+02 9.311616688263413059e-08
6.360000000000000000e+02 9.128340981493690901e-08
6.370000000000000000e+02 8.948675493971089194e-08
6.380000000000000000e+02 8.772549128412116880e-08
6.390000000000000000e+02 8.599892184546473785e-08
6.400000000000000000e+02 8.430636458567746142e-08
6.410000000000000000e+02 8.264714798854734001e-08
6.420000000000000000e+02 8.102061671156497421e-08
6.430000000000000000e+02 7.942612717066701096e-08
6.440000000000000000e+02 7.786304831534670274e-08
6.450000000000000000e+02 7.633076066237833537e-08
6.460000000000000000e+02 7.482865948616104027e-08
6.470000000000000000e+02 7.335614883699737310e-08
6.480000000000000000e+02 7.191264675099156376e-08
6.490000000000000000e+02 7.049758140444484106e-08
6.500000000000000000e+02 6.911039293181298515e-08
6.510000000000000000e+02 6.775053165194125004e-08
6.520000000000000000e+02 6.641746009136157536e-08
6.530000000000000000e+02 6.511064969172024865e-08
6.540000000000000000e+02 6.382958380272166855e-08
6.550000000000000000e+02 6.257375515481990091e-08
6.560000000000000000e+02 6.134266611064465962e-08
6.570000000000000000e+02 6.013582947537515762e-08
6.580000000000000000e+02 5.895276757870545663e-08
6.590000000000000000e+02 5.779301206706310298e-08
6.600000000000000000e+02 5.665610356027214423e-08
6.610000000000000000e+02 5.554159208823070152e-08
6.620000000000000000e+02 5.444903661900711673e-08
6.630000000000000000e+02 5.337800379504730685e-08
6.640000000000000000e+02 5.232807022942226150e-08
6.650000000000000000e+02 5.129881978857640456e-08
6.660000000000000000e+02 5.028984497907394770e-08
6.670000000000000000e+02 4.930074675699306469e-08
6.680000000000000000e+02 4.833113295663005080e-08
6.690000000000000000e+02 4.738062000241709176e-08
6.700000000000000000e+02 4.644883099770231422e-08
6.710000000000000000e+02 4.553539763398975610e-08
6.720000000000000000e+02 4.463995789738808078e-08
6.730000000000000000e+02 4.376215758122317446e-08
6.740000000000000000e+02 4.290164895340643139e-08
6.750000000000000000e+02 4.205809130978614499e-08
6.760000000000000000e+02 4.123115013271745851e-08
6.770000000000000000e+02 4.042049866581600592e-08
6.780000000000000000e+02 3.962581560984060483e-08
6.790000000000000000e+02 3.884678631298134910e-08
6.800000000000000000e+02 3.808310222989931056e-08
6.810000000000000000e+02 3.733446148418166156e-08
6.820000000000000000e+02 3.660056648537266125e-08
6.830000000000000000e+02 3.588112810518308555e-08
6.840000000000000000e+02 3.517586058577810045e-08
6.850000000000000000e+02 3.448448418287013353e-08
6.860000000000000000e+02 3.380672637647590159e-08
6.870000000000000000e+02 3.314231733457966692e-08
6.880000000000000000e+02 3.249099483679734915e-08
6.890000000000000000e+02 3.185250069819102754e-08
6.900000000000000000e+02 3.122658191441989852e-08
6.910000000000000000e+02 3.061299087706740647e-08
6.920000000000000000e+02 3.001148353350591369e-08
6.930000000000000000e+02 2.942182312104547511e-08
6.940000000000000000e+02 2.884377474119143330e-08
6.950000000000000000e+02 2.827710985340970975e-08
6.960000000000000000e+02 2.772160392354348870e-08
6.970000000000000000e+02 2.717703735983672622e-08
6.980000000000000000e+02 2.664319335955196772e-08
6.990000000000000000e+02 2.611986136897264758e-08
7.000000000000000000e+02 2.560683298568798403e-08
7.010000000000000000e+02 2.510390568115922683e-08
7.020000000000000000e+02 2.461088005856072059e-08
7.030000000000000000e+02 2.412756028672550465e-08
7.040000000000000000e+02 2.365375491035386692e-08
7.050000000000000000e+02 2.318927625430194098e-08
7.060000000000000000e+02 2.273394034367060946e-08
7.070000000000000000e+02 2.228756680154586326e-08
7.080000000000000000e+02 2.184997799615214443e-08
7.090000000000000000e+02 2.142100079888913677e-08
7.100000000000000000e+02 2.100046525579830417e-08
7.110000000000000000e+02 2.058820442774662331e-08
7.120000000000000000e+02 2.018405521344419132e-08
7.130000000000000000e+02 1.978785703510283766e-08
7.140000000000000000e+02 1.939945288008351676e-08
7.150000000000000000e+02 1.901868904302928354e-08
7.160000000000000000e+02 1.864541384528301540e-08
7.170000000000000000e+02 1.827948033501126349e-08
7.180000000000000000e+02 1.792074299435942854e-08
7.190000000000000000e+02 1.756905919478180294e-08
7.200000000000000000e+02 1.722429030332410881e-08
7.210000000000000000e+02 1.688629899146267136e-08
7.220000000000000000e+02 1.655495181452286580e-08
7.230000000000000000e+02 1.623011685763024362e-08
7.240000000000000000e+02 1.591166638262241765e-08
7.250000000000000000e+02 1.559947308705356448e-08
7.260000000000000000e+02 1.529341411307076196e-08
7.270000000000000000e+02 1.499336748808412943e-08
7.280000000000000000e+02 1.469921540177917680e-08
7.290000000000000000e+02 1.441084066550178369e-08
7.300000000000000000e+02 1.412812939011717268e-08
7.310000000000000000e+02 1.385096955723036635e-08
7.320000000000000000e+02 1.357925158016819873e-08
7.330000000000000000e+02 1.331286735397438255e-08
7.340000000000000000e+02 1.305171250957424437e-08
7.350000000000000000e+02 1.279568309814358250e-08
7.360000000000000000e+02 1.254467749735188278e-08
7.370000000000000000e+02 1.229859763178918680e-08
7.380000000000000000e+02 1.205734538989241635e-08
7.390000000000000000e+02 1.182082558220495556e-08
7.400000000000000000e+02 1.158894484441914826e-08
7.410000000000000000e+02 1.136161204885740286e-08
7.420000000000000000e+02 1.113873644494589921e-08
7.430000000000000000e+02 1.092023094777659428e-08
7.440000000000000000e+02 1.070600924070188824e-08
7.450000000000000000e+02 1.049598651537109778e-08
7.460000000000000000e+02 1.029008012389746682e-08
7.470000000000000000e+02 1.008820845731306262e-08
7.480000000000000000e+02 9.890293334328550038e-09
7.490000000000000000e+02 9.696255228502435228e-09
7.500000000000000000e+02 9.506018819680559323e-09
7.510000000000000000e+02 9.319509048833154125e-09
7.520000000000000000e+02 9.136652407717121369e-09
7.530000000000000000e+02 8.957376966819153349e-09
7.540000000000000000e+02 8.781612419943239549e-09
7.550000000000000000e+02 8.609288806630809434e-09
7.560000000000000000e+02 8.440339956860660628e-09
7.570000000000000000e+02 8.274698547397815863e-09
7.580000000000000000e+02 8.112299834670846622e-09
7.590000000000000000e+02 7.953080626270658397e-09
7.600000000000000000e+02 7.796977463937977303e-09
7.610000000000000000e+02 7.643929726522665805e-09
7.620000000000000000e+02 7.493877461542234032e-09
7.630000000000000000e+02 7.346762312604319970e-09
7.640000000000000000e+02 7.202525937476052389e-09
7.650000000000000000e+02 7.061112699647946827e-09
7.660000000000000000e+02 6.922466865589332660e-09
7.670000000000000000e+02 6.786533670549483410e-09
7.680000000000000000e+02 6.653260399292061155e-09
7.690000000000000000e+02 6.522595418236701222e-09
7.700000000000000000e+02 6.394487496757116929e-09
7.710000000000000000e+02 6.268886234099738942e-09
7.720000000000000000e+02 6.145743344729918321e-09
7.730000000000000000e+02 6.025009716413350297e-09
7.740000000000000000e+02 5.906639224009201352e-09
7.750000000000000000e+02 5.790585577580605188e-09
7.760000000000000000e+02 5.676802970346753985e-09
7.770000000000000000e+02 5.565247494395302120e-09
7.780000000000000000e+02 5.455875407725365820e-09
7.790000000000000000e+02 5.348644745646829381e-09
7.800000000000000000e+02 5.243512575698839627e-09
7.810000000000000000e+02 5.140438866881077260e-09
7.820000000000000000e+02 5.039383049665240176e-09
7.830000000000000000e+02 4.940305988852450679e-09
7.840000000000000000e+02 4.843168698299093255e-09
7.850000000000000000e+02 4.747934226479765592e-09
7.860000000000000000e+02 4.654565378487426715e-09
7.870000000000000000e+02 4.563024724874539121e-09
7.880000000000000000e+02 4.473277136860800526e-09
7.890000000000000000e+02 4.385288209808653220e-09
7.900000000000000000e+02 4.299023040127415805e-09
7.910000000000000000e+02 4.214448797332470417e-09
7.920000000000000000e+02 4.131531820416031670e-09
7.930000000000000000e+02 4.050239597536002810e-09
7.940000000000000000e+02 3.970541050939846484e-09
7.950000000000000000e+02 3.892405339493107574e-09
7.960000000000000000e+02 3.815801342334568975e-09
7.970000000000000000e+02 3.740699682211363906e-09
7.980000000000000000e+02 3.667070823392740598e-09
7.990000000000000000e+02 3.594886430618466194e-09
8.000000000000000000e+02 3.524117651136192647e-09
8.010000000000000000e+02 3.454737537194984020e-09
8.020000000000000000e+02 3.386718650005523136e-09
8.030000000000000000e+02 3.320034925856826434e-09
8.040000000000000000e+02 3.254659722194755013e-09
8.050000000000000000e+02 3.190568001523422937e-09
8.060000000000000000e+02 3.127734290750178158e-09
8.070000000000000000e+02 3.066134196874372049e-09
8.080000000000000000e+02 3.005743965363800843e-09
8.090000000000000000e+02 2.946539598502928738e-09
8.100000000000000000e+02 2.888498351687242889e-09
8.110000000000000000e+02 2.831596978345157989e-09
8.120000000000000000e+02 2.775813307474260468e-09
8.130000000000000000e+02 2.721126455903072902e-09
8.140000000000000000e+02 2.667513516396529512e-09
8.150000000000000000e+02 2.614954816206590985e-09
8.160000000000000000e+02 2.563428870255711967e-09
8.170000000000000000e+02 2.512915759378397113e-09
8.180000000000000000e+02 2.463395727488169907e-09
8.190000000000000000e+02 2.414848972293241980e-09
8.200000000000000000e+02 2.367257433152177981e-09
8.210000000000000000e+02 2.320601944872116129e-09
8.220000000000000000e+02 2.274863429701744229e-09
8.230000000000000000e+02 2.230025045842420333e-09
8.240000000000000000e+02 2.186068622921942448e-09
8.250000000000000000e+02 2.142977103691214367e-09
8.260000000000000000e+02 2.100732698294687836e-09
8.270000000000000000e+02 2.059320274461467333e-09
8.280000000000000000e+02 2.018722822451842314e-09
8.290000000000000000e+02 1.978923825621655602e-09
8.300000000000000000e+02 1.939908781258751466e-09
8.310000000000000000e+02 1.901661772626028425e-09
8.320000000000000000e+02 1.864167027550493202e-09
8.330000000000000000e+02 1.827410620466468728e-09
8.340000000000000000e+02 1.791378295022888528e-09
8.350000000000000000e+02 1.756055157942519522e-09
8.360000000000000000e+02 1.721427327180181634e-09
8.370000000000000000e+02 1.687481803640168141e-09
8.380000000000000000e+02 1.654204958824325615e-09
8.390000000000000000e+02 1.621583162531928007e-09
8.400000000000000000e+02 1.589604188104728235e-09
8.410000000000000000e+02 1.558254718742047926e-09
8.420000000000000000e+02 1.527523144131622033e-09
8.430000000000000000e+02 1.497396975176589708e-09
8.440000000000000000e+02 1.467864316197300743e-09
8.450000000000000000e+02 1.438913323900095636e-09
8.460000000000000000e+02 1.410533070959246527e-09
8.470000000000000000e+02 1.382711829967520091e-09
8.480000000000000000e+02 1.355438789206506330e-09
8.490000000000000000e+02 1.328703545289530735e-09
8.500000000000000000e+02 1.302494734767880730e-09
8.510000000000000000e+02 1.276802955669795653e-09
8.520000000000000000e+02 1.251617014618787927e-09
8.530000000000000000e+02 1.226927878063579789e-09
8.540000000000000000e+02 1.202725490785594947e-09
8.550000000000000000e+02 1.179000105283028857e-09
8.560000000000000000e+02 1.155741829126725437e-09
8.570000000000000000e+02 1.132942805022249714e-09
8.580000000000000000e+02 1.110592807764597432e-09
8.590000000000000000e+02 1.088683958135639195e-09
8.600000000000000000e+02 1.067206244623756279e-09
8.610000000000000000e+02 1.046152421541067443e-09
8.620000000000000000e+02 1.025514181160435052e-09
8.630000000000000000e+02 1.005282144241041323e-09
8.640000000000000000e+02 9.854490660653577735e-10
8.650000000000000000e+02 9.660072200706152505e-10
8.660000000000000000e+02 9.469491216292405059e-10
8.670000000000000000e+02 9.282663793677973812e-10
8.680000000000000000e+02 9.099526421235462575e-10
8.690000000000000000e+02 8.919993665624805723e-10
8.700000000000000000e+02 8.744004399247192182e-10
8.710000000000000000e+02 8.571484888988297442e-10
8.720000000000000000e+02 8.402370249141656067e-10
8.730000000000000000e+02 8.236589551684929943e-10
8.740000000000000000e+02 8.074075097405745279e-10
8.750000000000000000e+02 7.914771265997710831e-10
8.760000000000000000e+02 7.758605874039388206e-10
8.770000000000000000e+02 7.605526285282817594e-10
8.780000000000000000e+02 7.455462605340065677e-10
8.790000000000000000e+02 7.308359821761089242e-10
8.800000000000000000e+02 7.164153265964202755e-10
8.810000000000000000e+02 7.022799538672481000e-10
8.820000000000000000e+02 6.884230782266597588e-10
8.830000000000000000e+02 6.748390845413578973e-10
8.840000000000000000e+02 6.615231776937439453e-10
8.850000000000000000e+02 6.484705621426352369e-10
8.860000000000000000e+02 6.356749988511458866e-10
8.870000000000000000e+02 6.231320464315672702e-10
8.880000000000000000e+02 6.108362033862195133e-10
8.890000000000000000e+02 5.987834624072554155e-10
8.900000000000000000e+02 5.869680956145674674e-10
8.910000000000000000e+02 5.753858968055967552e-10
8.920000000000000000e+02 5.640325849357223818e-10
8.930000000000000000e+02 5.529022487009663222e-10
8.940000000000000000e+02 5.419922410352742919e-10
8.950000000000000000e+02 5.312972132359042886e-10
8.960000000000000000e+02 5.208133413245875518e-10
8.970000000000000000e+02 5.105366727183318319e-10
8.980000000000000000e+02 5.004621467559912076e-10
8.990000000000000000e+02 4.905864444989616509e-10
9.000000000000000000e+02 4.809063484479961942e-10
9.010000000000000000e+02 4.714164437736690651e-10
9.020000000000000000e+02 4.621138985473542347e-10
9.030000000000000000e+02 4.529952655498025382e-10
9.040000000000000000e+02 4.440560342100415147e-10
9.050000000000000000e+02 4.352935734821653025e-10
9.060000000000000000e+02 4.267038923660254387e-10
9.070000000000000000e+02 4.182837899998705002e-10
9.080000000000000000e+02 4.100294328839459984e-10
9.090000000000000000e+02 4.019384628507586860e-10
9.100000000000000000e+02 3.940069152035423440e-10
9.110000000000000000e+02 3.862318727619834921e-10
9.120000000000000000e+02 3.786101682853137656e-10
9.130000000000000000e+02 3.711389189304142842e-10
9.140000000000000000e+02 3.638153028286894216e-10
9.150000000000000000e+02 3.566355724978721771e-10
9.160000000000000000e+02 3.495976235193596078e-10
9.170000000000000000e+02 3.426989061890557915e-10
9.180000000000000000e+02 3.359359890883780544e-10
9.190000000000000000e+02 3.293069926530652911e-10
9.200000000000000000e+02 3.228084688223684010e-10
9.210000000000000000e+02 3.164382471958440291e-10
9.220000000000000000e+02 3.101940952138701670e-10
9.230000000000000000e+02 3.040727801729680596e-10
9.240000000000000000e+02 2.980725473028855596e-10
9.250000000000000000e+02 2.921903972686127297e-10
9.260000000000000000e+02 2.864243387546849928e-10
9.270000000000000000e+02 2.807720032135280443e-10
9.280000000000000000e+02 2.752313348748734138e-10
9.290000000000000000e+02 2.697999546342930029e-10
9.300000000000000000e+02 2.644753978040474206e-10
9.310000000000000000e+02 2.592566315059057487e-10
9.320000000000000000e+02 2.541402965636711426e-10
9.330000000000000000e+02 2.491248377865401777e-10
9.340000000000000000e+02 2.442090696290362966e-10
9.350000000000000000e+02 2.393896973558681047e-10
9.360000000000000000e+02 2.346657145069382814e-10
9.370000000000000000e+02 2.300348441626719797e-10
9.380000000000000000e+02 2.254953170887943244e-10
9.390000000000000000e+02 2.210450706150331737e-10
9.400000000000000000e+02 2.166829051264055908e-10
9.410000000000000000e+02 2.124067085869772689e-10
9.420000000000000000e+02 2.082152307296899896e-10
9.430000000000000000e+02 2.041063813734363016e-10
9.440000000000000000e+02 2.000786636567859358e-10
9.450000000000000000e+02 1.961306017740962743e-10
9.460000000000000000e+02 1.922599719490694043e-10
9.470000000000000000e+02 1.884656666335594112e-10
9.480000000000000000e+02 1.847460121458103645e-10
9.490000000000000000e+02 1.811005535067138112e-10
9.500000000000000000e+02 1.775266101912805287e-10
9.510000000000000000e+02 1.740232994330788965e-10
9.520000000000000000e+02 1.705892666442936726e-10
9.530000000000000000e+02 1.672227117433516863e-10
9.540000000000000000e+02 1.639229903617633002e-10
9.550000000000000000e+02 1.606879138357199795e-10
9.560000000000000000e+02 1.575170678028260203e-10
9.570000000000000000e+02 1.544082912888637633e-10
9.580000000000000000e+02 1.513613236233583748e-10
9.590000000000000000e+02 1.483739992645948527e-10
9.600000000000000000e+02 1.454463764781492467e-10
9.610000000000000000e+02 1.425758608239328445e-10
9.620000000000000000e+02 1.397621911184484336e-10
9.630000000000000000e+02 1.370038975543641545e-10
9.640000000000000000e+02 1.343002879639778635e-10
9.650000000000000000e+02 1.316498837412579722e-10
9.660000000000000000e+02 1.290518268069592684e-10
9.670000000000000000e+02 1.265052597726262881e-10
9.680000000000000000e+02 1.240090791766819127e-10
9.690000000000000000e+02 1.215620418765864823e-10
9.700000000000000000e+02 1.191627546553616853e-10
9.710000000000000000e+02 1.168111106060661256e-10
9.720000000000000000e+02 1.145061423127575936e-10
9.730000000000000000e+02 1.122461608181094462e-10
9.740000000000000000e+02 1.100311462462587473e-10
9.750000000000000000e+02 1.078598498291229228e-10
9.760000000000000000e+02 1.057313453359945615e-10
9.770000000000000000e+02 1.036446074217284909e-10
9.780000000000000000e+02 1.015994367568685940e-10
9.790000000000000000e+02 9.959427212752855410e-11
9.800000000000000000e+02 9.762876050309209967e-11
9.810000000000000000e+02 9.570232450920327355e-11
9.820000000000000000e+02 9.381379383350022959e-11
9.830000000000000000e+02 9.196215686189463203e-11
9.840000000000000000e+02 9.014738510872922372e-11
9.850000000000000000e+02 8.836840550000231485e-11
9.860000000000000000e+02 8.662437552818671204e-11
9.870000000000000000e+02 8.491492668749549580e-11
9.880000000000000000e+02 8.323947883818443863e-11
9.890000000000000000e+02 8.159654662158229062e-11
9.900000000000000000e+02 7.998639442804599744e-11
9.910000000000000000e+02 7.840805278205072770e-11
9.920000000000000000e+02 7.686033239267188224e-11
9.930000000000000000e+02 7.534375056047923154e-11
9.940000000000000000e+02 7.385679931945848171e-11
9.950000000000000000e+02 7.239943163620759365e-11
9.960000000000000000e+02 7.097031378778224035e-11
9.970000000000000000e+02 6.957017273316305183e-11
9.980000000000000000e+02 6.819689281408394933e-11
9.990000000000000000e+02 6.685145603290679016e-11
1.000000000000000000e+03 6.553226169687988995e-11
1.001000000000000000e+03 6.423889568917260159e-11
1.002000000000000000e+03 6.297112050846982607e-11
1.003000000000000000e+03 6.172800215507560765e-11
1.004000000000000000e+03 6.051017507224851106e-11
1.005000000000000000e+03 5.931607945827800222e-11
1.006000000000000000e+03 5.814549803204897696e-11
1.007000000000000000e+03 5.699781562874783122e-11
1.008000000000000000e+03 5.587344037021281144e-11
1.009000000000000000e+03 5.477060452713083773e-11
1.010000000000000000e+03 5.368989318707435354e-11
1.011000000000000000e+03 5.263003513645416077e-11
1.012000000000000000e+03 5.159172138516559312e-11
1.013000000000000000e+03 5.057339617451274496e-11
1.014000000000000000e+03 4.957547876987706045e-11
1.015000000000000000e+03 4.859704862716043140e-11
1.016000000000000000e+03 4.763830472427350215e-11
1.017000000000000000e+03 4.669801824270439864e-11
1.018000000000000000e+03 4.577614814775970766e-11
1.019000000000000000e+03 4.487293474826520055e-11
1.020000000000000000e+03 4.398709235612320920e-11
1.021000000000000000e+03 4.311908822530843010e-11
1.022000000000000000e+03 4.226831731735445063e-11
1.023000000000000000e+03 4.143421094678891914e-11
1.024000000000000000e+03 4.061679835302841103e-11
1.025000000000000000e+03 3.981542269233936598e-11
1.026000000000000000e+03 3.902957658494837706e-11
1.027000000000000000e+03 3.825917321411778865e-11
1.028000000000000000e+03 3.750406815263850976e-11
1.029000000000000000e+03 3.676399211549331092e-11
1.030000000000000000e+03 3.603871586105529410e-11
1.031000000000000000e+03 3.532719188029648039e-11
1.032000000000000000e+03 3.462985219582250483e-11
1.033000000000000000e+03 3.394693477313280310e-11
1.034000000000000000e+03 3.327663320193897151e-11
1.035000000000000000e+03 3.262038049432491685e-11
1.036000000000000000e+03 3.197627604405533373e-11
1.037000000000000000e+03 3.134544064041159713e-11
1.038000000000000000e+03 3.072659124764363562e-11
1.039000000000000000e+03 3.012040032902936414e-11
1.040000000000000000e+03 2.952584469874025161e-11
1.041000000000000000e+03 2.894298315967583589e-11
1.042000000000000000e+03 2.837197357841123546e-11
1.043000000000000000e+03 2.781207081969941485e-11
1.044000000000000000e+03 2.726324884640083812e-11
1.045000000000000000e+03 2.672510544621187267e-11
1.046000000000000000e+03 2.619772719409279678e-11
1.047000000000000000e+03 2.568082914519902843e-11
1.048000000000000000e+03 2.517398354125230589e-11
1.049000000000000000e+03 2.467723245359019575e-11
1.050000000000000000e+03 2.419059268694685301e-11
1.051000000000000000e+03 2.371259557430076866e-11
1.052000000000000000e+03 2.324488371610949139e-11
1.053000000000000000e+03 2.278630920626756205e-11
1.054000000000000000e+03 2.233644779736919260e-11
1.055000000000000000e+03 2.189570518087557683e-11
1.056000000000000000e+03 2.146368802633815999e-11
1.057000000000000000e+03 2.104042350665205535e-11
1.058000000000000000e+03 2.062469521270165720e-11
1.059000000000000000e+03 2.021764881806492230e-11
1.060000000000000000e+03 1.981882087949014100e-11
1.061000000000000000e+03 1.942735553553190143e-11
1.062000000000000000e+03 1.904417170298876248e-11
1.063000000000000000e+03 1.866856439579493717e-11
1.064000000000000000e+03 1.830019855628023702e-11
1.065000000000000000e+03 1.793916354230828831e-11
1.066000000000000000e+03 1.758501937995736346e-11
1.067000000000000000e+03 1.723761601963225006e-11
1.068000000000000000e+03 1.689771991853102349e-11
1.069000000000000000e+03 1.656426299954381399e-11
1.070000000000000000e+03 1.623719277692328155e-11
1.071000000000000000e+03 1.591695501722103925e-11
1.072000000000000000e+03 1.560301576489524552e-11
1.073000000000000000e+03 1.529533112341359063e-11
1.074000000000000000e+03 1.499309370135361039e-11
1.075000000000000000e+03 1.469721165912433477e-11
1.076000000000000000e+03 1.440746779296177598e-11
1.077000000000000000e+03 1.412286361830746093e-11
1.078000000000000000e+03 1.384382280244545192e-11
1.079000000000000000e+03 1.357094104081602543e-11
1.080000000000000000e+03 1.330320379791797819e-11
1.081000000000000000e+03 1.304076462161599493e-11
1.082000000000000000e+03 1.278340768031290214e-11
1.083000000000000000e+03 1.253094986764271875e-11
1.084000000000000000e+03 1.228380288453192437e-11
1.085000000000000000e+03 1.204142710044583850e-11
1.086000000000000000e+03 1.180343774315725779e-11
1.087000000000000000e+03 1.157064455650295699e-11
1.088000000000000000e+03 1.134231031311686362e-11
1.089000000000000000e+03 1.111868270102431938e-11
1.090000000000000000e+03 1.089937363434311196e-11
1.091000000000000000e+03 1.068415839932214030e-11
1.092000000000000000e+03 1.047325695849773953e-11
1.093000000000000000e+03 1.026645612686822381e-11
1.094000000000000000e+03 1.006394452134196683e-11
1.095000000000000000e+03 9.865084759811447862e-12
1.096000000000000000e+03 9.670574082471877226e-12
1.097000000000000000e+03 9.479657195347458039e-12
1.098000000000000000e+03 9.292630747691816504e-12
1.099000000000000000e+03 9.109424197801812934e-12
1.100000000000000000e+03 8.929835894463477304e-12
1.101000000000000000e+03 8.753405526388861492e-12
1.102000000000000000e+03 8.580440812677956725e-12
1.103000000000000000e+03 8.411206547238388146e-12
1.104000000000000000e+03 8.245150375155143293e-12
1.105000000000000000e+03 8.082657838518938868e-12
1.106000000000000000e+03 7.922884786815631029e-12
1.107000000000000000e+03 7.766580784822001416e-12
1.108000000000000000e+03 7.613322250653363029e-12
1.109000000000000000e+03 7.463115272809096137e-12
1.110000000000000000e+03 7.315657902550194143e-12
1.111000000000000000e+03 7.171605124417665239e-12
1.112000000000000000e+03 7.030262043797313422e-12
1.113000000000000000e+03 6.891007888797455136e-12
1.114000000000000000e+03 6.755341646058735115e-12
1.115000000000000000e+03 6.621844745704661004e-12
1.116000000000000000e+03 6.491079606015276413e-12
1.117000000000000000e+03 6.363390031552861021e-12
1.118000000000000000e+03 6.237370081255714689e-12
1.119000000000000000e+03 6.114557039806680840e-12
1.120000000000000000e+03 5.994005540936412875e-12
1.121000000000000000e+03 5.875627523164826566e-12
1.122000000000000000e+03 5.759484777192289885e-12
1.123000000000000000e+03 5.646139634224289048e-12
1.124000000000000000e+03 5.534650266756347304e-12
1.125000000000000000e+03 5.425026032453918052e-12
1.126000000000000000e+03 5.318316057191050674e-12
1.127000000000000000e+03 5.212984685942934428e-12
1.128000000000000000e+03 5.110490443671725228e-12
1.129000000000000000e+03 5.009380604788812058e-12
1.130000000000000000e+03 4.910644833938607932e-12
1.131000000000000000e+03 4.813789941975371638e-12
1.132000000000000000e+03 4.718628188380093739e-12
1.133000000000000000e+03 4.625730495926754462e-12
1.134000000000000000e+03 4.534365309420137094e-12
1.135000000000000000e+03 4.444904757432975200e-12
1.136000000000000000e+03 4.357040223346086202e-12
1.137000000000000000e+03 4.271052719561141685e-12
1.138000000000000000e+03 4.186760957635898072e-12
1.139000000000000000e+03 4.104390309187162469e-12
1.140000000000000000e+03 4.023490301495145543e-12
1.141000000000000000e+03 3.943839955010169010e-12
1.142000000000000000e+03 3.866121513464738319e-12
1.143000000000000000e+03 3.789725447747596530e-12
1.144000000000000000e+03 3.714638931192609500e-12
1.145000000000000000e+03 3.641570666121629953e-12
1.146000000000000000e+03 3.569871267321231022e-12
1.147000000000000000e+03 3.499208121788873673e-12
1.148000000000000000e+03 3.430356517724563567e-12
1.149000000000000000e+03 3.362567450956024920e-12
1.150000000000000000e+03 3.296515868911029216e-12
1.151000000000000000e+03 3.231391141394668315e-12
1.152000000000000000e+03 3.167245300401074729e-12
1.153000000000000000e+03 3.104704930755511296e-12
1.154000000000000000e+03 3.043296408663861170e-12
1.155000000000000000e+03 2.983248294232619761e-12
1.156000000000000000e+03 2.924635570087168977e-12
1.157000000000000000e+03 2.866762385479227207e-12
1.158000000000000000e+03 2.810439352152396975e-12
1.159000000000000000e+03 2.755020186339225095e-12
1.160000000000000000e+03 2.700508156451275618e-12
1.161000000000000000e+03 2.647093044168384685e-12
1.162000000000000000e+03 2.594949410315661600e-12
1.163000000000000000e+03 2.543721479016911065e-12
1.164000000000000000e+03 2.493483795382918307e-12
1.165000000000000000e+03 2.444342026933384049e-12
1.166000000000000000e+03 2.396531938076649492e-12
1.167000000000000000e+03 2.348969319706741862e-12
1.168000000000000000e+03 2.302704253230606290e-12
1.169000000000000000e+03 2.256994316771879079e-12
1.170000000000000000e+03 2.212432696075515132e-12
1.171000000000000000e+03 2.168840468544632969e-12
1.172000000000000000e+03 2.125776071288347303e-12
1.173000000000000000e+03 2.084101668737122084e-12
1.174000000000000000e+03 2.043161142806485405e-12
1.175000000000000000e+03 2.002767145193201285e-12
1.176000000000000000e+03 1.963030781561573061e-12
1.177000000000000000e+03 1.924300894234929485e-12
1.178000000000000000e+03 1.886465275762749217e-12
1.179000000000000000e+03 1.849420190177130992e-12
1.180000000000000000e+03 1.812655093581500591e-12
1.181000000000000000e+03 1.776907220286036793e-12
1.182000000000000000e+03 1.741565848944851407e-12
1.183000000000000000e+03 1.707533052511682675e-12
1.184000000000000000e+03 1.673441763085701221e-12
1.185000000000000000e+03 1.640831948207941174e-12
1.186000000000000000e+03 1.608657323065021997e-12
1.187000000000000000e+03 1.576568420268947873e-12
1.188000000000000000e+03 1.545599125089095892e-12
1.189000000000000000e+03 1.515181298446353422e-12
1.190000000000000000e+03 1.485104719192186704e-12
1.191000000000000000e+03 1.455971737891388401e-12
1.192000000000000000e+03 1.427250927409443365e-12
1.193000000000000000e+03 1.399171388173501499e-12
1.194000000000000000e+03 1.371374090103642843e-12
1.195000000000000000e+03 1.344204201621565683e-12
1.196000000000000000e+03 1.317467988713466778e-12
1.197000000000000000e+03 1.291903200824723514e-12
1.198000000000000000e+03 1.265921146189827353e-12
1.199000000000000000e+03 1.241021852567506779e-12
1.200000000000000000e+03 1.216945376894972167e-12
1.201000000000000000e+03 1.192967897479134887e-12
1.202000000000000000e+03 1.169343897731985642e-12
1.203000000000000000e+03 1.145893329177084155e-12
1.204000000000000000e+03 1.123745632521008283e-12
1.205000000000000000e+03 1.101397753867557519e-12
1.206000000000000000e+03 1.079497301936946046e-12
1.207000000000000000e+03 1.058462810690352097e-12
1.208000000000000000e+03 1.037544059972586153e-12
1.209000000000000000e+03 1.016584335775219750e-12
1.210000000000000000e+03 9.970424689081090026e-13
1.211000000000000000e+03 9.770196043066281959e-13
1.212000000000000000e+03 9.579990266383850877e-13
1.213000000000000000e+03 9.388402683587886248e-13
1.214000000000000000e+03 9.203734995102037068e-13
1.215000000000000000e+03 9.020780137020315557e-13
1.216000000000000000e+03 8.845803849673039023e-13
1.217000000000000000e+03 8.668907478280556326e-13
1.218000000000000000e+03 8.496562878295213255e-13
1.219000000000000000e+03 8.328840280233857127e-13
1.220000000000000000e+03 8.166906151803395081e-13
1.221000000000000000e+03 8.005209983212342988e-13
1.222000000000000000e+03 7.849238562810677974e-13
1.223000000000000000e+03 7.696057383403258902e-13
1.224000000000000000e+03 7.542187920242037739e-13
1.225000000000000000e+03 7.389872284026616507e-13
1.226000000000000000e+03 7.244399578772547688e-13
1.227000000000000000e+03 7.102163928752638887e-13
1.228000000000000000e+03 6.963013351235338657e-13
1.229000000000000000e+03 6.825700467215488233e-13
1.230000000000000000e+03 6.690133052783761880e-13
1.231000000000000000e+03 6.560542615886069620e-13
1.232000000000000000e+03 6.429943567095910804e-13
1.233000000000000000e+03 6.302213824221702661e-13
1.234000000000000000e+03 6.178770622252048947e-13
1.235000000000000000e+03 6.057655261396653498e-13
1.236000000000000000e+03 5.939246895249141456e-13
1.237000000000000000e+03 5.819888549389716125e-13
1.238000000000000000e+03 5.706066006663005319e-13
1.239000000000000000e+03 5.594138443574423182e-13
1.240000000000000000e+03 5.481560213234106680e-13
1.241000000000000000e+03 5.374086069025897982e-13
1.242000000000000000e+03 5.268532462554747175e-13
1.243000000000000000e+03 5.165395127370409229e-13
1.244000000000000000e+03 5.061827072358011961e-13
1.245000000000000000e+03 4.962799091613907344e-13
1.246000000000000000e+03 4.866791854690791775e-13
1.247000000000000000e+03 4.767955030989415661e-13
1.248000000000000000e+03 4.676275126443725776e-13
1.249000000000000000e+03 4.579685989469936438e-13
1.250000000000000000e+03 4.491130330818098688e-13
1.251000000000000000e+03 4.401748309830587528e-13
1.252000000000000000e+03 4.315422626571670835e-13
1.253000000000000000e+03 4.229450326055452475e-13
1.254000000000000000e+03 4.146430960546116275e-13
1.255000000000000000e+03 4.062802071935816758e-13
1.256000000000000000e+03 3.983811668229286593e-13
1.257000000000000000e+03 3.906758603257117775e-13
1.258000000000000000e+03 3.829702544631995347e-13
1.259000000000000000e+03 3.752591498566189365e-13
1.260000000000000000e+03 3.680266242312032920e-13
1.261000000000000000e+03 3.606492344997241299e-13
1.262000000000000000e+03 3.538829429004416736e-13
1.263000000000000000e+03 3.470097396564515796e-13
1.264000000000000000e+03 3.397989428607615779e-13
1.265000000000000000e+03 3.327640259772779357e-13
1.266000000000000000e+03 3.263516881361430204e-13
1.267000000000000000e+03 3.203806480676547090e-13
1.268000000000000000e+03 3.136782309812752229e-13
1.269000000000000000e+03 3.076116994614999290e-13
1.270000000000000000e+03 3.009945042478623782e-13
1.271000000000000000e+03 2.955036151354005297e-13
1.272000000000000000e+03 2.895722416248131438e-13
1.273000000000000000e+03 2.839581801893391211e-13
1.274000000000000000e+03 2.785108600477680783e-13
1.275000000000000000e+03 2.725674924830083403e-13
1.276000000000000000e+03 2.675212118346976319e-13
1.277000000000000000e+03 2.620606712591888536e-13
1.278000000000000000e+03 2.570166348946951275e-13
1.279000000000000000e+03 2.517535708682982276e-13
1.280000000000000000e+03 2.470667976768483529e-13
1.281000000000000000e+03 2.422435100365542971e-13
1.282000000000000000e+03 2.375066916568248364e-13
1.283000000000000000e+03 2.328865892446941335e-13
1.284000000000000000e+03 2.280317826002864281e-13
1.285000000000000000e+03 2.235827899731214340e-13
1.286000000000000000e+03 2.192551658118549234e-13
1.287000000000000000e+03 2.146483396230625899e-13
1.288000000000000000e+03 2.104614202705398507e-13
1.289000000000000000e+03 2.064777055120071768e-13
1.290000000000000000e+03 2.023643036079878699e-13
1.291000000000000000e+03 1.983247481322208229e-13
1.292000000000000000e+03 1.945884692672200795e-13
1.293000000000000000e+03 1.905379110686770113e-13
1.294000000000000000e+03 1.867732394985753893e-13
1.295000000000000000e+03 1.832984403654495100e-13
1.296000000000000000e+03 1.796418711893354551e-13
1.297000000000000000e+03 1.759727738886302828e-13
1.298000000000000000e+03 1.727288014486413220e-13
1.299000000000000000e+03 1.690917656367802796e-13
1.300000000000000000e+03 1.658772688993944121e-13
1.301000000000000000e+03 1.625331946962514200e-13
1.302000000000000000e+03 1.593061303985030522e-13
1.303000000000000000e+03 1.562498089814051661e-13
1.304000000000000000e+03 1.532554614571853583e-13
1.305000000000000000e+03 1.500029291175129498e-13
1.306000000000000000e+03 1.470893179607377656e-13
1.307000000000000000e+03 1.443441817681288502e-13
1.308000000000000000e+03 1.416929059235635378e-13
1.309000000000000000e+03 1.389402649463345203e-13
1.310000000000000000e+03 1.360578828380356092e-13
1.311000000000000000e+03 1.333610704243873720e-13
1.312000000000000000e+03 1.304784250002401822e-13
1.313000000000000000e+03 1.278207838613766814e-13
1.314000000000000000e+03 1.256492918730720794e-13
1.315000000000000000e+03 1.229885762954519541e-13
1.316000000000000000e+03 1.206260165296540328e-13
1.317000000000000000e+03 1.180790139851324595e-13
1.318000000000000000e+03 1.160103238854273766e-13
1.319000000000000000e+03 1.134527341531795831e-13
1.320000000000000000e+03 1.111049579122501216e-13
1.321000000000000000e+03 1.088947435589202339e-13
1.322000000000000000e+03 1.071532090939274207e-13
1.323000000000000000e+03 1.047884807716472250e-13
1.324000000000000000e+03 1.028849892181452369e-13
1.325000000000000000e+03 1.010743037254728710e-13
1.326000000000000000e+03 9.843187543009869122e-14
1.327000000000000000e+03 9.695080334805635573e-14
1.328000000000000000e+03 9.498045699094651724e-14
1.329000000000000000e+03 9.298215793296142781e-14
1.330000000000000000e+03 9.133095665445412042e-14
1.331000000000000000e+03 8.928431243556917561e-14
1.332000000000000000e+03 8.769451264668143561e-14
1.333000000000000000e+03 8.608943384778988472e-14
1.334000000000000000e+03 8.423200950026761229e-14
1.335000000000000000e+03 8.242877703952952458e-14
1.336000000000000000e+03 8.110225280348929065e-14
1.337000000000000000e+03 7.944307754891551501e-14
1.338000000000000000e+03 7.770272606544977089e-14
1.339000000000000000e+03 7.647081317885906422e-14
1.340000000000000000e+03 7.516142819174667864e-14
1.341000000000000000e+03 7.344818499662017649e-14
1.342000000000000000e+03 7.196600305408267719e-14
1.343000000000000000e+03 7.064402663834715030e-14
1.344000000000000000e+03 6.902650894841498531e-14
1.345000000000000000e+03 6.782422570575097394e-14
1.346000000000000000e+03 6.637862935719458118e-14
1.347000000000000000e+03 6.519089160395224506e-14
1.348000000000000000e+03 6.382973333228627049e-14
1.349000000000000000e+03 6.246779182343758545e-14
1.350000000000000000e+03 6.139791080388423085e-14
1.351000000000000000e+03 5.982283355316912602e-14
1.352000000000000000e+03 5.885447033333515675e-14
1.353000000000000000e+03 5.760816957454759374e-14
1.354000000000000000e+03 5.691819971376059093e-14
1.355000000000000000e+03 5.574309302553002794e-14
1.356000000000000000e+03 5.453874742624279460e-14
1.357000000000000000e+03 5.316602761316350526e-14
1.358000000000000000e+03 5.228401086848960707e-14
1.359000000000000000e+03 5.112946078713305525e-14
1.360000000000000000e+03 5.023093999735482208e-14
1.361000000000000000e+03 4.924419620755940365e-14
1.362000000000000000e+03 4.834800157209726760e-14
1.363000000000000000e+03 4.727606294636459325e-14
1.364000000000000000e+03 4.677500201884180490e-14
1.365000000000000000e+03 4.569047975406314102e-14
1.366000000000000000e+03 4.443796473357804264e-14
1.367000000000000000e+03 4.356888655722243582e-14
1.368000000000000000e+03 4.285809300967797521e-14
1.369000000000000000e+03 4.212145297942913765e-14
1.370000000000000000e+03 4.124220195715523263e-14
1.371000000000000000e+03 4.037067437255484212e-14
1.372000000000000000e+03 3.964252880017209267e-14
1.373000000000000000e+03 3.892217314763401817e-14
1.374000000000000000e+03 3.789517751271108799e-14
1.375000000000000000e+03 3.734004721875971137e-14
1.376000000000000000e+03 3.655180211955279481e-14
1.377000000000000000e+03 3.599083247794709508e-14
1.378000000000000000e+03 3.538440003946602917e-14
1.379000000000000000e+03 3.467928779951693227e-14
1.380000000000000000e+03 3.377800493772511933e-14
1.381000000000000000e+03 3.307029847556192658e-14
1.382000000000000000e+03 3.248289628918035934e-14
1.383000000000000000e+03 3.202180860331960383e-14
1.384000000000000000e+03 3.113652124820431307e-14
1.385000000000000000e+03 3.079860723910398362e-14
1.386000000000000000e+03 2.998141840808028239e-14
1.387000000000000000e+03 2.934331168463164340e-14
1.388000000000000000e+03 2.900901434973557068e-14
1.389000000000000000e+03 2.832545727954561441e-14
1.390000000000000000e+03 2.780669139889721621e-14
1.391000000000000000e+03 2.734812753226620428e-14
1.392000000000000000e+03 2.665504797987344648e-14
1.393000000000000000e+03 2.609524511203923370e-14
1.394000000000000000e+03 2.560743914250192087e-14
1.395000000000000000e+03 2.505636459547041819e-14
1.396000000000000000e+03 2.503096416670830750e-14
1.397000000000000000e+03 2.411785739300453914e-14
1.398000000000000000e+03 2.352266356420972827e-14
1.399000000000000000e+03 2.324039035733113179e-14
1.400000000000000000e+03 2.279671801467502693e-14
1.401000000000000000e+03 2.220462565091246719e-14
1.402000000000000000e+03 2.183397469733217104e-14
1.403000000000000000e+03 2.158071974822734691e-14
1.404000000000000000e+03 2.122614733423835014e-14
1.405000000000000000e+03 2.069903572679001569e-14
1.406000000000000000e+03 2.028373081226224660e-14
1.407000000000000000e+03 1.988851244738262476e-14
1.408000000000000000e+03 1.936953016354277726e-14
1.409000000000000000e+03 1.911164140739524402e-14
1.410000000000000000e+03 1.869269538174478782e-14
1.411000000000000000e+03 1.855298726311592076e-14
1.412000000000000000e+03 1.843901337404990225e-14
1.413000000000000000e+03 1.772451248809032798e-14
1.414000000000000000e+03 1.742834521567195503e-14
1.415000000000000000e+03 1.713565390238250190e-14
1.416000000000000000e+03 1.662910688575677942e-14
1.417000000000000000e+03 1.640997680124068952e-14
1.418000000000000000e+03 1.604861887899095012e-14
1.419000000000000000e+03 1.582123230507994050e-14
1.420000000000000000e+03 1.552040490487160995e-14
1.421000000000000000e+03 1.512793100133141211e-14
1.422000000000000000e+03 1.489086662843943782e-14
1.423000000000000000e+03 1.456617455206800888e-14
1.424000000000000000e+03 1.452291109936185940e-14
1.425000000000000000e+03 1.421173828049686521e-14
1.426000000000000000e+03 1.372460568620994417e-14
1.427000000000000000e+03 1.358255230118049107e-14
1.428000000000000000e+03 1.322391437694026409e-14
1.429000000000000000e+03 1.322161197109139175e-14
1.430000000000000000e+03 1.276143177192673759e-14
1.431000000000000000e+03 1.242443727117101835e-14
1.432000000000000000e+03 1.247188479489801622e-14
1.433000000000000000e+03 1.221682172445714781e-14
1.434000000000000000e+03 1.202680300542838220e-14
1.435000000000000000e+03 1.189715540920090232e-14
1.436000000000000000e+03 1.151102059158932805e-14
1.437000000000000000e+03 1.143918900029784922e-14
1.438000000000000000e+03 1.091235375053084189e-14
1.439000000000000000e+03 1.087437138864965845e-14
1.440000000000000000e+03 1.058770125250356469e-14
1.441000000000000000e+03 1.065888425209977515e-14
1.442000000000000000e+03 1.029495242659511633e-14
1.443000000000000000e+03 1.004233749374480107e-14
1.444000000000000000e+03 1.003059116328582670e-14
1.445000000000000000e+03 9.618736171470475855e-15
1.446000000000000000e+03 9.519500574502428415e-15
1.447000000000000000e+03 9.480584357133345660e-15
1.448000000000000000e+03 9.359930532132154283e-15
1.449000000000000000e+03 9.207085797812776106e-15
1.450000000000000000e+03 8.971445916407000689e-15
1.451000000000000000e+03 9.091944786571743730e-15
1.452000000000000000e+03 9.094674196697533178e-15
1.453000000000000000e+03 8.596477079154255267e-15
1.454000000000000000e+03 8.450917404938973072e-15
1.455000000000000000e+03 8.292018675647014675e-15
1.456000000000000000e+03 7.971964884289163927e-15
1.457000000000000000e+03 7.953678098369936328e-15
1.458000000000000000e+03 7.854642059381182594e-15
1.459000000000000000e+03 8.286045034992600407e-15
1.460000000000000000e+03 7.903791489485491033e-15
1.461000000000000000e+03 7.336625285402735109e-15
1.462000000000000000e+03 7.299759781888416409e-15
1.463000000000000000e+03 7.212513044861515046e-15
1.464000000000000000e+03 7.421376275476816510e-15
1.465000000000000000e+03 7.262398319744578812e-15
1.466000000000000000e+03 7.099581561966450968e-15
1.467000000000000000e+03 6.696116405020547744e-15
1.468000000000000000e+03 6.583790647997474541e-15
1.469000000000000000e+03 6.812089254450345345e-15
1.470000000000000000e+03 6.457828727823777794e-15
1.471000000000000000e+03 6.318686258596468157e-15
1.472000000000000000e+03 5.902827765180681611e-15
1.473000000000000000e+03 6.086239406834852776e-15
1.474000000000000000e+03 6.410241206207251025e-15
1.475000000000000000e+03 5.959606260056370131e-15
1.476000000000000000e+03 6.001486684923356866e-15
1.477000000000000000e+03 5.789641958660187185e-15
1.478000000000000000e+03 5.433467018941725799e-15
1.479000000000000000e+03 5.729436317721550543e-15
1.480000000000000000e+03 5.646595755504265789e-15
1.481000000000000000e+03 5.481894557377000008e-15
1.482000000000000000e+03 5.418120437348801488e-15
1.483000000000000000e+03 5.455122274230241131e-15
1.484000000000000000e+03 5.395396697695685105e-15
1.485000000000000000e+03 5.196252595636670215e-15
1.486000000000000000e+03 4.978644661481229062e-15
1.487000000000000000e+03 4.944717957874049032e-15
1.488000000000000000e+03 5.253058035976267994e-15
1.489000000000000000e+03 5.452033787004250692e-15
1.490000000000000000e+03 5.409983861064530417e-15
1.491000000000000000e+03 4.750673493697345808e-15
1.492000000000000000e+03 4.775748955684084143e-15
1.493000000000000000e+03 4.517582575797189567e-15
1.494000000000000000e+03 4.713093693689939836e-15
1.495000000000000000e+03 4.971652860983268294e-15
1.496000000000000000e+03 4.758042889310940033e-15
1.497000000000000000e+03 4.578368033519936648e-15
1.498000000000000000e+03 4.524411265312567457e-15
1.499000000000000000e+03 4.064145170013308541e-15
1.500000000000000000e+03 4.602110782703084754e-15
1.501000000000000000e+03 4.515350820647290495e-15
1.502000000000000000e+03 4.357942352915025974e-15
1.503000000000000000e+03 4.098073892807973308e-15
1.504000000000000000e+03 4.428230721061288933e-15
1.505000000000000000e+03 4.165740751064934992e-15
1.506000000000000000e+03 4.077766537485911168e-15
1.507000000000000000e+03 4.124652886774792628e-15
1.508000000000000000e+03 4.363562238557936076e-15
1.509000000000000000e+03 4.383164031434796068e-15
1.510000000000000000e+03 4.452251368649130395e-15
1.511000000000000000e+03 4.241647516129821834e-15
1.512000000000000000e+03 4.243301288432153849e-15
1.513000000000000000e+03 4.208596133970446291e-15
1.514000000000000000e+03 4.327037581193977901e-15
1.515000000000000000e+03 3.946368122699451856e-15
1.516000000000000000e+03 3.877649047172709482e-15
1.517000000000000000e+03 3.827979006613615489e-15
1.518000000000000000e+03 3.817617176708901898e-15
1.519000000000000000e+03 3.418812517977900981e-15
1.520000000000000000e+03 3.990803270500946679e-15
1.521000000000000000e+03 3.848751461724137359e-15
1.522000000000000000e+03 3.482954535990841144e-15
1.523000000000000000e+03 4.571648049937850778e-15
1.524000000000000000e+03 4.000747730294472105e-15
1.525000000000000000e+03 3.404539678571482510e-15
1.526000000000000000e+03 3.647275880377243074e-15
1.527000000000000000e+03 3.871564991536517270e-15
1.528000000000000000e+03 3.911658620781306374e-15
1.529000000000000000e+03 3.747210683063427216e-15
1.530000000000000000e+03 3.386492967019904173e-15
1.531000000000000000e+03 3.294436420994579064e-15
1.532000000000000000e+03 3.835770344714835010e-15
1.533000000000000000e+03 3.496465284409167495e-15
1.534000000000000000e+03 4.335800135991155552e-15
1.535000000000000000e+03 3.173133733988100970e-15
1.536000000000000000e+03 3.690262643286582727e-15
1.537000000000000000e+03 4.188994914368598254e-15
1.538000000000000000e+03 3.528561276694052424e-15
1.539000000000000000e+03 3.591155739896178549e-15
1.540000000000000000e+03 3.737772325662617490e-15
1.541000000000000000e+03 3.100481445495005465e-15
1.542000000000000000e+03 3.172299248035429511e-15
1.543000000000000000e+03 3.726896968677930287e-15
1.544000000000000000e+03 3.769907375682223711e-15
1.545000000000000000e+03 3.616198303238947093e-15
1.546000000000000000e+03 3.111212943914793029e-15
1.547000000000000000e+03 3.303160526528398795e-15
1.548000000000000000e+03 3.139433926182872768e-15
1.549000000000000000e+03 3.716250195384922661e-15
1.550000000000000000e+03 3.371585656478657071e-15
1.551000000000000000e+03 3.933076525892296583e-15
1.552000000000000000e+03 3.679932781589595070e-15
1.553000000000000000e+03 3.382069377197593982e-15
1.554000000000000000e+03 3.082149153295865157e-15
1.555000000000000000e+03 3.044484621041388768e-15
1.556000000000000000e+03 2.992185288964513836e-15
1.557000000000000000e+03 2.894939328275507644e-15
1.558000000000000000e+03 2.787790357546143847e-15
1.559000000000000000e+03 2.935347138605714760e-15
1.560000000000000000e+03 3.024549884747763926e-15
1.561000000000000000e+03 3.180131733664606744e-15
1.562000000000000000e+03 3.435238890204314568e-15
1.563000000000000000e+03 3.453413621823422382e-15
1.564000000000000000e+03 3.417796669839149141e-15
1.565000000000000000e+03 4.154150902273286997e-15
1.566000000000000000e+03 3.945374174025007059e-15
1.567000000000000000e+03 2.882601901657435411e-15
1.568000000000000000e+03 2.642328136127403743e-15
1.569000000000000000e+03 2.975922876600549791e-15
1.570000000000000000e+03 3.194619048342787048e-15
1.571000000000000000e+03 2.969039600384162930e-15
1.572000000000000000e+03 2.715856141813813111e-15
1.573000000000000000e+03 3.219541603270108851e-15
1.574000000000000000e+03 3.175457812329999421e-15
1.575000000000000000e+03 3.323323915129376953e-15
1.576000000000000000e+03 3.655973625439083394e-15
1.577000000000000000e+03 3.196956081188800074e-15
1.578000000000000000e+03 3.293357502408215630e-15
1.579000000000000000e+03 2.860737336607108560e-15
1.580000000000000000e+03 3.378400549675516790e-15
1.581000000000000000e+03 2.946800312981112089e-15
1.582000000000000000e+03 3.013117217862160962e-15
1.583000000000000000e+03 2.930490407583416462e-15
1.584000000000000000e+03 2.935706772158163614e-15
1.585000000000000000e+03 3.859725636987783643e-15
1.586000000000000000e+03 3.004926046679275052e-15
1.587000000000000000e+03 3.598244526483522988e-15
1.588000000000000000e+03 3.053328157509281534e-15
1.589000000000000000e+03 2.808629784915638509e-15
1.590000000000000000e+03 3.046815128957604490e-15
1.591000000000000000e+03 3.063002550597989904e-15
1.592000000000000000e+03 2.977671775530383335e-15
1.593000000000000000e+03 2.995596206135180602e-15
1.594000000000000000e+03 3.265484601229775305e-15
1.595000000000000000e+03 3.705919310610153345e-15
1.596000000000000000e+03 3.266380392661848192e-15
1.597000000000000000e+03 3.007356548339932403e-15
1.598000000000000000e+03 3.356495940513930211e-15
1.599000000000000000e+03 3.056787010846668104e-15
1.600000000000000000e+03 3.369504664309163714e-15
1.601000000000000000e+03 3.099628588735972769e-15
1.602000000000000000e+03 3.480744012957222106e-15
1.603000000000000000e+03 2.936523559830496263e-15
1.604000000000000000e+03 2.658337469401553338e-15
1.605000000000000000e+03 3.090756099314394744e-15
1.606000000000000000e+03 3.616347428122698156e-15
1.607000000000000000e+03 3.356812434646358158e-15
1.608000000000000000e+03 3.212787543765407378e-15
1.609000000000000000e+03 3.288558928532369380e-15
1.610000000000000000e+03 3.053497382910653866e-15
1.611000000000000000e+03 3.708470254292634779e-15
1.612000000000000000e+03 3.516591271253127620e-15
1.613000000000000000e+03 3.029383862445811988e-15
1.614000000000000000e+03 3.093905596479895783e-15
1.615000000000000000e+03 3.004137746195405059e-15
1.616000000000000000e+03 3.687773617487698609e-15
1.617000000000000000e+03 3.075214178067784773e-15
1.618000000000000000e+03 3.264235826251969124e-15
1.619000000000000000e+03 3.321492121666172714e-15
1.620000000000000000e+03 3.720750668532764708e-15
1.621000000000000000e+03 2.624152676255051041e-15
1.622000000000000000e+03 2.682236792401807487e-15
1.623000000000000000e+03 2.758253178427718196e-15
1.624000000000000000e+03 2.949671534911284096e-15
1.625000000000000000e+03 2.902852459512922741e-15
1.626000000000000000e+03 2.934930577144159874e-15
1.627000000000000000e+03 2.469289203662217809e-15
1.628000000000000000e+03 2.978738389390940863e-15
1.629000000000000000e+03 3.347141893744680757e-15
1.630000000000000000e+03 3.081337884160205579e-15
1.631000000000000000e+03 3.509254451598439631e-15
1.632000000000000000e+03 3.308434291323761470e-15
1.633000000000000000e+03 3.346252259196014146e-15
1.634000000000000000e+03 2.776239718324309530e-15
1.635000000000000000e+03 3.038575309859101771e-15
1.636000000000000000e+03 3.135374165248936837e-15
1.637000000000000000e+03 3.259006280918166604e-15
1.638000000000000000e+03 3.430769345425068284e-15
1.639000000000000000e+03 2.986343440010181137e-15
1.640000000000000000e+03 3.140231735806846374e-15
1.641000000000000000e+03 2.922553943098269951e-15
1.642000000000000000e+03 2.933973299550265688e-15
1.643000000000000000e+03 2.786889424589671156e-15
1.644000000000000000e+03 3.353081914024730175e-15
1.645000000000000000e+03 3.269103103522282919e-15
1.646000000000000000e+03 3.056843747997706056e-15
1.647000000000000000e+03 2.882160331886109053e-15
1.648000000000000000e+03 3.173424186632613748e-15
1.649000000000000000e+03 3.061534621191670864e-15
1.650000000000000000e+03 2.581734985371626195e-15
1.651000000000000000e+03 2.964301560404692136e-15
1.652000000000000000e+03 2.949164894643869424e-15
1.653000000000000000e+03 3.230731528164743563e-15
1.654000000000000000e+03 3.100391931491596663e-15
1.655000000000000000e+03 2.808858674786681256e-15
1.656000000000000000e+03 3.036842412818093388e-15
1.657000000000000000e+03 3.701589284275662784e-15
1.658000000000000000e+03 2.925652919007835034e-15
1.659000000000000000e+03 2.719210519238604637e-15
1.660000000000000000e+03 2.383438516973118424e-15
1.661000000000000000e+03 2.720534402882254828e-15
1.662000000000000000e+03 3.527957112982055512e-15
1.663000000000000000e+03 3.429927820815535942e-15
1.664000000000000000e+03 3.117053726001664965e-15
1.665000000000000000e+03 3.246751960381592328e-15
1.666000000000000000e+03 3.377202756545823065e-15
1.667000000000000000e+03 3.229889483239264634e-15
1.668000000000000000e+03 3.166782848728751476e-15
1.669000000000000000e+03 3.099818001713198331e-15
1.670000000000000000e+03 2.839962591285548666e-15
1.671000000000000000e+03 3.025670505222144833e-15
1.672000000000000000e+03 2.800878515424031411e-15
1.673000000000000000e+03 2.879881148856424198e-15
1.674000000000000000e+03 2.780200435895479810e-15
1.675000000000000000e+03 3.562290975620749489e-15
1.676000000000000000e+03 2.860562640681962759e-15
1.677000000000000000e+03 3.895887697355085765e-15
1.678000000000000000e+03 2.864119593311329793e-15
1.679000000000000000e+03 3.120053692647449158e-15
1.680000000000000000e+03 2.937783089983792871e-15
1.681000000000000000e+03 3.146042092038833253e-15
1.682000000000000000e+03 3.405887792773867868e-15
1.683000000000000000e+03 3.153425564613941784e-15
1.684000000000000000e+03 3.073732228376685132e-15
1.685000000000000000e+03 2.800051627510521742e-15
1.686000000000000000e+03 3.244703565917829209e-15
1.687000000000000000e+03 3.492549841212371090e-15
1.688000000000000000e+03 3.293682236065091891e-15
1.689000000000000000e+03 2.943148821584666474e-15
1.690000000000000000e+03 2.545513399066231263e-15
1.691000000000000000e+03 2.987261953698738432e-15
1.692000000000000000e+03 2.536608174767754959e-15
1.693000000000000000e+03 2.607005553322338334e-15
1.694000000000000000e+03 2.373914352571160735e-15
1.695000000000000000e+03 3.005300579907508068e-15
1.696000000000000000e+03 3.103214469252461379e-15
1.697000000000000000e+03 2.632541077962957400e-15
1.698000000000000000e+03 2.811956028540924020e-15
1.699000000000000000e+03 3.530568330578250823e-15
1.700000000000000000e+03 3.013144749061977155e-15
1.701000000000000000e+03 3.319608672155563370e-15
1.702000000000000000e+03 2.901956026572845319e-15
1.703000000000000000e+03 3.048295563227879850e-15
1.704000000000000000e+03 2.705994849074440082e-15
1.705000000000000000e+03 2.943802162626633312e-15
1.706000000000000000e+03 3.693199877147991885e-15
1.707000000000000000e+03 2.751601668666973059e-15
1.708000000000000000e+03 2.915225928410067199e-15
1.709000000000000000e+03 3.323695790558505947e-15
1.710000000000000000e+03 2.948980938225540891e-15
1.711000000000000000e+03 3.409925641013561396e-15
1.712000000000000000e+03 3.201885491286083950e-15
1.713000000000000000e+03 3.060858261647155100e-15
1.714000000000000000e+03 2.738414681895335163e-15
1.715000000000000000e+03 3.515988500283672054e-15
1.716000000000000000e+03 2.676315044588369397e-15
1.717000000000000000e+03 3.006835899882132460e-15
1.718000000000000000e+03 3.142905010509902863e-15
1.719000000000000000e+03 3.718551794816465317e-15
1.720000000000000000e+03 3.815484859064467902e-15
1.721000000000000000e+03 2.978291897209434700e-15
1.722000000000000000e+03 2.921342086292010467e-15
1.723000000000000000e+03 3.273961706338312923e-15
1.724000000000000000e+03 3.447403147572504397e-15
1.725000000000000000e+03 3.061222164528848957e-15
1.726000000000000000e+03 3.236734609540436456e-15
1.727000000000000000e+03 3.352209017233255632e-15
1.728000000000000000e+03 3.113627604667555189e-15
1.729000000000000000e+03 2.661241060168077896e-15
1.730000000000000000e+03 2.929493954873225199e-15
1.731000000000000000e+03 3.229744787883987339e-15
1.732000000000000000e+03 2.837013792080674312e-15
1.733000000000000000e+03 2.827436504330911735e-15
1.734000000000000000e+03 3.118510674574053509e-15
1.735000000000000000e+03 3.012841173546244180e-15
1.736000000000000000e+03 3.122824367807075280e-15
1.737000000000000000e+03 3.202322978862531003e-15
1.738000000000000000e+03 3.097222821739057426e-15
1.739000000000000000e+03 3.066873896799667595e-15
1.740000000000000000e+03 2.926408306400202929e-15
1.741000000000000000e+03 3.052749048685787639e-15
1.742000000000000000e+03 3.069374824324002545e-15
1.743000000000000000e+03 3.055496547428504630e-15
1.744000000000000000e+03 3.459777347738445110e-15
1.745000000000000000e+03 2.800115636586894121e-15
1.746000000000000000e+03 3.092843841414349980e-15
1.747000000000000000e+03 3.005483916173123891e-15
1.748000000000000000e+03 3.221235916438804790e-15
1.749000000000000000e+03 2.903291401344461590e-15
1.750000000000000000e+03 3.026353752716919468e-15
1.751000000000000000e+03 2.436593761519075259e-15
1.752000000000000000e+03 3.128793819044899880e-15
1.753000000000000000e+03 3.041247328626780867e-15
1.754000000000000000e+03 3.064838399149445254e-15
1.755000000000000000e+03 2.864203506517988906e-15
1.756000000000000000e+03 2.820531195843167946e-15
1.757000000000000000e+03 3.345155356321585928e-15
1.758000000000000000e+03 2.773369967033317724e-15
1.759000000000000000e+03 4.143659701754866859e-15
1.760000000000000000e+03 3.349433164837215691e-15
1.761000000000000000e+03 2.929374852322016043e-15
1.762000000000000000e+03 3.494818645304957953e-15
1.763000000000000000e+03 3.502700511087332549e-15
1.764000000000000000e+03 3.114397969381321490e-15
1.765000000000000000e+03 3.275911103944143812e-15
1.766000000000000000e+03 3.078609717832275902e-15
1.767000000000000000e+03 3.121249865922821723e-15
1.768000000000000000e+03 3.116574515745688965e-15
1.769000000000000000e+03 2.912538356081127256e-15
1.770000000000000000e+03 2.718822736151458228e-15
1.771000000000000000e+03 3.028112954261904339e-15
1.772000000000000000e+03 2.952831764941456639e-15
1.773000000000000000e+03 2.550749578627308227e-15
1.774000000000000000e+03 2.635750251369699819e-15
1.775000000000000000e+03 2.897980430211740649e-15
1.776000000000000000e+03 2.837296964212789717e-15
1.777000000000000000e+03 2.998971910763610995e-15
1.778000000000000000e+03 2.660683957465542313e-15
1.779000000000000000e+03 3.189868805093837885e-15
1.780000000000000000e+03 2.904340211151181305e-15
1.781000000000000000e+03 2.701219523536075544e-15
1.782000000000000000e+03 3.012829938265590397e-15
1.783000000000000000e+03 3.364032140503435614e-15
1.784000000000000000e+03 2.921895779669945311e-15
1.785000000000000000e+03 2.876111000739858371e-15
1.786000000000000000e+03 2.654311203377211073e-15
