1.000000000000000000e+00 2.992085434865308577e-02
2.000000000000000000e+00 3.986343519147660802e-02
3.000000000000000000e+00 1.000000000000000000e+00
4.000000000000000000e+00 5.834492974903248141e-01
5.000000000000000000e+00 4.479292700553318962e-01
6.000000000000000000e+00 2.785481583725973320e-01
7.000000000000000000e+00 2.719749559368299097e-01
8.000000000000000000e+00 2.765952585622208915e-01
9.000000000000000000e+00 2.219617167449267070e-01
1.000000000000000000e+01 1.662773283102714217e-01
1.100000000000000000e+01 1.265688132383531728e-01
1.200000000000000000e+01 9.371683623134961783e-02
1.300000000000000000e+01 7.378861261919004988e-02
1.400000000000000000e+01 6.095161343162713158e-02
1.500000000000000000e+01 5.095526177019858022e-02
1.600000000000000000e+01 4.419239050819230574e-02
1.700000000000000000e+01 3.953014948571475368e-02
1.800000000000000000e+01 3.731578560478245044e-02
1.900000000000000000e+01 3.506345525548938691e-02
2.000000000000000000e+01 3.297522301495647845e-02
2.100000000000000000e+01 3.064545086704742460e-02
2.200000000000000000e+01 2.957834924237636234e-02
2.300000000000000000e+01 2.802558238918579150e-02
2.400000000000000000e+01 2.415834222971966622e-02
2.500000000000000000e+01 2.387306113361031476e-02
2.600000000000000000e+01 2.175395243995377828e-02
2.700000000000000000e+01 1.894292745664040087e-02
2.800000000000000000e+01 1.650688900668003181e-02
2.900000000000000000e+01 1.433866478266629385e-02
3.000000000000000000e+01 1.293269348858319505e-02
3.100000000000000000e+01 1.194168645551860891e-02
3.200000000000000000e+01 1.136646922311832127e-02
3.300000000000000000e+01 1.089088612471787211e-02
3.400000000000000000e+01 1.040462309382808592e-02
3.500000000000000000e+01 9.780077482857656504e-03
3.600000000000000000e+01 9.057529372355587263e-03
3.700000000000000000e+01 8.266460919515564165e-03
3.800000000000000000e+01 7.717468682808929954e-03
3.900000000000000000e+01 6.964723375354604958e-03
4.000000000000000000e+01 6.536374357085476816e-03
4.100000000000000000e+01 6.224884921703430565e-03
4.200000000000000000e+01 5.983175829495603580e-03
4.300000000000000000e+01 5.777422907722766683e-03
4.400000000000000000e+01 5.643146210914254737e-03
4.500000000000000000e+01 5.485489540219563170e-03
4.600000000000000000e+01 5.288749545317268479e-03
4.700000000000000000e+01 5.088140902802123534e-03
4.800000000000000000e+01 4.882584140574739058e-03
4.900000000000000000e+01 4.728067238357508070e-03
5.000000000000000000e+01 4.527911828893631599e-03
5.100000000000000000e+01 4.360310332128338774e-03
5.200000000000000000e+01 4.087858313603824970e-03
5.300000000000000000e+01 3.935203257229434766e-03
5.400000000000000000e+01 3.716024687354595180e-03
5.500000000000000000e+01 3.628907268352246467e-03
5.600000000000000000e+01 3.501664354758224785e-03
5.700000000000000000e+01 3.409274481243208376e-03
5.800000000000000000e+01 3.299307758143302932e-03
5.900000000000000000e+01 3.218421963024240603e-03
6.000000000000000000e+01 3.083716662455579342e-03
6.100000000000000000e+01 2.979203540827754688e-03
6.200000000000000000e+01 2.894666386808408820e-03
6.300000000000000000e+01 2.752059353817795217e-03
6.400000000000000000e+01 2.708107155969553207e-03
6.500000000000000000e+01 2.568236533425750836e-03
6.600000000000000000e+01 2.487494388293472278e-03
6.700000000000000000e+01 2.443785197728235662e-03
6.800000000000000000e+01 2.419253385363326434e-03
6.900000000000000000e+01 2.387751167020733204e-03
7.000000000000000000e+01 2.326404851107789946e-03
7.100000000000000000e+01 2.248180700579364717e-03
7.200000000000000000e+01 2.214465044604940064e-03
7.300000000000000000e+01 2.109397095220986312e-03
7.400000000000000000e+01 2.097630362473645350e-03
7.500000000000000000e+01 2.017014604873606197e-03
7.600000000000000000e+01 2.006593447335096141e-03
7.700000000000000000e+01 1.902425377739460494e-03
7.800000000000000000e+01 1.882585735415289851e-03
7.900000000000000000e+01 1.847253150697681203e-03
8.000000000000000000e+01 1.924398398730846641e-03
8.100000000000000000e+01 1.947573790660746479e-03
8.200000000000000000e+01 1.983220262237479509e-03
8.300000000000000000e+01 1.983814964798144564e-03
8.400000000000000000e+01 1.961821371748606602e-03
8.500000000000000000e+01 1.922367523953835092e-03
8.600000000000000000e+01 1.877200099706294962e-03
8.700000000000000000e+01 1.845587426166663903e-03
8.800000000000000000e+01 1.746912741729857209e-03
8.900000000000000000e+01 1.727410912305823521e-03
9.000000000000000000e+01 1.626737093971777903e-03
9.100000000000000000e+01 1.592244492857107594e-03
9.200000000000000000e+01 1.518218732558094261e-03
9.300000000000000000e+01 1.499995607686371770e-03
9.400000000000000000e+01 1.450658025530143823e-03
9.500000000000000000e+01 1.451174169170339583e-03
9.600000000000000000e+01 1.414671729457634211e-03
9.700000000000000000e+01 1.418952497985158986e-03
9.800000000000000000e+01 1.389520745035725379e-03
9.900000000000000000e+01 1.414661999059853292e-03
1.000000000000000000e+02 1.398170098264752467e-03
1.010000000000000000e+02 1.432338820133733509e-03
1.020000000000000000e+02 1.439227192963422105e-03
1.030000000000000000e+02 1.479402320986683951e-03
1.040000000000000000e+02 1.460696992071833364e-03
1.050000000000000000e+02 1.465482995207679660e-03
1.060000000000000000e+02 1.401339077111787368e-03
1.070000000000000000e+02 1.366987054021102542e-03
1.080000000000000000e+02 1.298854946034367058e-03
1.090000000000000000e+02 1.306572043863586359e-03
1.100000000000000000e+02 1.265883538696199176e-03
1.110000000000000000e+02 1.291960894187236608e-03
1.120000000000000000e+02 1.268824257995369636e-03
1.130000000000000000e+02 1.230999405623710600e-03
1.140000000000000000e+02 1.189372356847300145e-03
1.150000000000000000e+02 1.150957477970980698e-03
1.160000000000000000e+02 1.109250425079743316e-03
1.170000000000000000e+02 1.079915808042151070e-03
1.180000000000000000e+02 1.054389135921798750e-03
1.190000000000000000e+02 1.027169693104712381e-03
1.200000000000000000e+02 9.946538405345818970e-04
1.210000000000000000e+02 9.723678286608248775e-04
1.220000000000000000e+02 9.367081909538990322e-04
1.230000000000000000e+02 9.035861834178548569e-04
1.240000000000000000e+02 8.695021101316781614e-04
1.250000000000000000e+02 8.358941834333076092e-04
1.260000000000000000e+02 7.881953434713678819e-04
1.270000000000000000e+02 7.766024647050162643e-04
1.280000000000000000e+02 7.573024756468138812e-04
1.290000000000000000e+02 7.416035894270843649e-04
1.300000000000000000e+02 7.167009776170647946e-04
1.310000000000000000e+02 7.206463319725483260e-04
1.320000000000000000e+02 7.122494709606321233e-04
1.330000000000000000e+02 6.909480191343815103e-04
1.340000000000000000e+02 6.881557576205849479e-04
1.350000000000000000e+02 6.590008481300469595e-04
1.360000000000000000e+02 6.497978354159459746e-04
1.370000000000000000e+02 6.174004985545262668e-04
1.380000000000000000e+02 6.029904841148156979e-04
1.390000000000000000e+02 5.694788609196984848e-04
1.400000000000000000e+02 5.553371408950662702e-04
1.410000000000000000e+02 5.261181320925654081e-04
1.420000000000000000e+02 5.157154613920278061e-04
1.430000000000000000e+02 4.922719643879704858e-04
1.440000000000000000e+02 4.856504316533660597e-04
1.450000000000000000e+02 4.642849703786817344e-04
1.460000000000000000e+02 4.598393391799340574e-04
1.470000000000000000e+02 4.406460958091913053e-04
1.480000000000000000e+02 4.369626972491750584e-04
1.490000000000000000e+02 4.183768927351521672e-04
1.500000000000000000e+02 4.148532548374432691e-04
1.510000000000000000e+02 3.973568138951462337e-04
1.520000000000000000e+02 3.936144595560623423e-04
1.530000000000000000e+02 3.780061994966347734e-04
1.540000000000000000e+02 3.750565046091863266e-04
1.550000000000000000e+02 3.584459382660886177e-04
1.560000000000000000e+02 3.548229141229820882e-04
1.570000000000000000e+02 3.379030302797214592e-04
1.580000000000000000e+02 3.331019600069256062e-04
1.590000000000000000e+02 3.161743425884202098e-04
1.600000000000000000e+02 3.107853324104567451e-04
1.610000000000000000e+02 2.946446603437137307e-04
1.620000000000000000e+02 2.898574568801796578e-04
1.630000000000000000e+02 2.740866838279924322e-04
1.640000000000000000e+02 2.693683484674946871e-04
1.650000000000000000e+02 2.556008148248052093e-04
1.660000000000000000e+02 2.526452084738770682e-04
1.670000000000000000e+02 2.406873711997444259e-04
1.680000000000000000e+02 2.386953417163973701e-04
1.690000000000000000e+02 2.335345681540253225e-04
1.700000000000000000e+02 2.205384481429318569e-04
1.710000000000000000e+02 2.178422558493136511e-04
1.720000000000000000e+02 2.118715540102401949e-04
1.730000000000000000e+02 2.022420588217772484e-04
1.740000000000000000e+02 2.013117243697675352e-04
1.750000000000000000e+02 1.974760672556583226e-04
1.760000000000000000e+02 1.941709447630589292e-04
1.770000000000000000e+02 1.879021068364580198e-04
1.780000000000000000e+02 1.892245897298541865e-04
1.790000000000000000e+02 1.876617403620856484e-04
1.800000000000000000e+02 1.862856762546970799e-04
1.810000000000000000e+02 1.857012265320477618e-04
1.820000000000000000e+02 1.853120587987153579e-04
1.830000000000000000e+02 1.850302126987281054e-04
1.840000000000000000e+02 1.845366093022891341e-04
1.850000000000000000e+02 1.841536187368727421e-04
1.860000000000000000e+02 1.836320849869677735e-04
1.870000000000000000e+02 1.831021595512453536e-04
1.880000000000000000e+02 1.828091700795179378e-04
1.890000000000000000e+02 1.824718359780695329e-04
1.900000000000000000e+02 1.819384556112221764e-04
1.910000000000000000e+02 1.813343713179362058e-04
1.920000000000000000e+02 1.808347186514927768e-04
1.930000000000000000e+02 1.806227533256202201e-04
1.940000000000000000e+02 1.802703082712097001e-04
1.950000000000000000e+02 1.799049051269413241e-04
1.960000000000000000e+02 1.797060906730560490e-04
1.970000000000000000e+02 1.789799896342357608e-04
1.980000000000000000e+02 1.782854727448766701e-04
1.990000000000000000e+02 1.777289961074133401e-04
2.000000000000000000e+02 1.774453544552089511e-04
2.010000000000000000e+02 1.770020711306650215e-04
2.020000000000000000e+02 1.763668706113395972e-04
2.030000000000000000e+02 1.754418969008561860e-04
2.040000000000000000e+02 1.739892545725654923e-04
2.050000000000000000e+02 1.720922140278668998e-04
2.060000000000000000e+02 1.703425143662128474e-04
2.070000000000000000e+02 1.687553699712612343e-04
2.080000000000000000e+02 1.653758328756641828e-04
2.090000000000000000e+02 1.662650474192190993e-04
2.100000000000000000e+02 1.659589589411647687e-04
2.110000000000000000e+02 1.632460237822291448e-04
2.120000000000000000e+02 1.643889884859004856e-04
2.130000000000000000e+02 1.613094086950349511e-04
2.140000000000000000e+02 1.625452118670610822e-04
2.150000000000000000e+02 1.598313073366852168e-04
2.160000000000000000e+02 1.613549719192894350e-04
2.170000000000000000e+02 1.590371695231827657e-04
2.180000000000000000e+02 1.604785429090282306e-04
2.190000000000000000e+02 1.575823604463397101e-04
2.200000000000000000e+02 1.589843123948712369e-04
2.210000000000000000e+02 1.564136599158010357e-04
2.220000000000000000e+02 1.579417042831624538e-04
2.230000000000000000e+02 1.556223952564731220e-04
2.240000000000000000e+02 1.570968066028729691e-04
2.250000000000000000e+02 1.548459285494815799e-04
2.260000000000000000e+02 1.567058810337177538e-04
2.270000000000000000e+02 1.545659981828203437e-04
2.280000000000000000e+02 1.561662209719135732e-04
2.290000000000000000e+02 1.538395137674756542e-04
2.300000000000000000e+02 1.552470410202504147e-04
2.310000000000000000e+02 1.532836655458486193e-04
2.320000000000000000e+02 1.554955871344736770e-04
2.330000000000000000e+02 1.540784248068988432e-04
2.340000000000000000e+02 1.560002002557298289e-04
2.350000000000000000e+02 1.538600312798407178e-04
2.360000000000000000e+02 1.548899623221610181e-04
2.370000000000000000e+02 1.520756514709862574e-04
2.380000000000000000e+02 1.525826419827914821e-04
2.390000000000000000e+02 1.497348601535716057e-04
2.400000000000000000e+02 1.497480543905572200e-04
2.410000000000000000e+02 1.463793726133367536e-04
2.420000000000000000e+02 1.460105219379788865e-04
2.430000000000000000e+02 1.420532118135678823e-04
2.440000000000000000e+02 1.411489093584729197e-04
2.450000000000000000e+02 1.369561373370122676e-04
2.460000000000000000e+02 1.357564253802859874e-04
2.470000000000000000e+02 1.321516121184990926e-04
2.480000000000000000e+02 1.309395343403659548e-04
2.490000000000000000e+02 1.273212775384997060e-04
2.500000000000000000e+02 1.263245462065804860e-04
2.510000000000000000e+02 1.225454828085049540e-04
2.520000000000000000e+02 1.213027266630502601e-04
2.530000000000000000e+02 1.179562905848013590e-04
2.540000000000000000e+02 1.169199167898736551e-04
2.550000000000000000e+02 1.137938063154102052e-04
2.560000000000000000e+02 1.127456794558835570e-04
2.570000000000000000e+02 1.098956984459568091e-04
2.580000000000000000e+02 1.093762601176979612e-04
2.590000000000000000e+02 1.074434893397410311e-04
2.600000000000000000e+02 1.073673078054883498e-04
2.610000000000000000e+02 1.062533568267482034e-04
2.620000000000000000e+02 1.068068446220338328e-04
2.630000000000000000e+02 1.059428409894965851e-04
2.640000000000000000e+02 1.074954129504920657e-04
2.650000000000000000e+02 1.071382893923552296e-04
2.660000000000000000e+02 1.086941705059128011e-04
2.670000000000000000e+02 1.087518306787219779e-04
2.680000000000000000e+02 1.120565257552390265e-04
2.690000000000000000e+02 1.133880192957076023e-04
2.700000000000000000e+02 1.179148722494115161e-04
2.710000000000000000e+02 1.195482908224784052e-04
2.720000000000000000e+02 1.242701536275197507e-04
2.730000000000000000e+02 1.251755843589271258e-04
2.740000000000000000e+02 1.296162911366726181e-04
2.750000000000000000e+02 1.300778844273540341e-04
2.760000000000000000e+02 1.343248101531478657e-04
2.770000000000000000e+02 1.340725474718575344e-04
2.780000000000000000e+02 1.378516721057010419e-04
2.790000000000000000e+02 1.373166717059999423e-04
2.800000000000000000e+02 1.411289727386221763e-04
2.810000000000000000e+02 1.404151820657182314e-04
2.820000000000000000e+02 1.443405536486967299e-04
2.830000000000000000e+02 1.430437065925259778e-04
2.840000000000000000e+02 1.458217008762652809e-04
2.850000000000000000e+02 1.440561415232069356e-04
2.860000000000000000e+02 1.470260480199598056e-04
2.870000000000000000e+02 1.453219827712129745e-04
2.880000000000000000e+02 1.480336499236779423e-04
2.890000000000000000e+02 1.458648073257351517e-04
2.900000000000000000e+02 1.480720732738942641e-04
2.910000000000000000e+02 1.445753203274877650e-04
2.920000000000000000e+02 1.457167473976668938e-04
2.930000000000000000e+02 1.421927705057195537e-04
2.940000000000000000e+02 1.439663467532581432e-04
2.950000000000000000e+02 1.402685312227068613e-04
2.960000000000000000e+02 1.415322860420702785e-04
2.970000000000000000e+02 1.373344544317004368e-04
2.980000000000000000e+02 1.384125424976489918e-04
2.990000000000000000e+02 1.343259974835922239e-04
3.000000000000000000e+02 1.352006394475582243e-04
3.010000000000000000e+02 1.302081331792400267e-04
3.020000000000000000e+02 1.302718229213587690e-04
3.030000000000000000e+02 1.280144268060104808e-04
3.040000000000000000e+02 1.232010819926718497e-04
3.050000000000000000e+02 1.237007564724225970e-04
3.060000000000000000e+02 1.184273893652837179e-04
3.070000000000000000e+02 1.178696810418595369e-04
3.080000000000000000e+02 1.123809698165124617e-04
3.090000000000000000e+02 1.121178211710636806e-04
3.100000000000000000e+02 1.067363271032221832e-04
3.110000000000000000e+02 1.064767163527645708e-04
3.120000000000000000e+02 1.008744234875814792e-04
3.130000000000000000e+02 1.005210802092966921e-04
3.140000000000000000e+02 9.545274141637509198e-05
3.150000000000000000e+02 9.532789423871892564e-05
3.160000000000000000e+02 9.056922844275892435e-05
3.170000000000000000e+02 9.023962875024868491e-05
3.180000000000000000e+02 8.487910706681781221e-05
3.190000000000000000e+02 8.415568113084533931e-05
3.200000000000000000e+02 7.944599534975088585e-05
3.210000000000000000e+02 7.921388945614132372e-05
3.220000000000000000e+02 7.493870414616863923e-05
3.230000000000000000e+02 7.460001184306003143e-05
3.240000000000000000e+02 7.048250746880189142e-05
3.250000000000000000e+02 6.984463721568073792e-05
3.260000000000000000e+02 6.599254109840279323e-05
3.270000000000000000e+02 6.577017632727033254e-05
3.280000000000000000e+02 6.236348435397734858e-05
3.290000000000000000e+02 6.208175733194882541e-05
3.300000000000000000e+02 5.863257972852055019e-05
3.310000000000000000e+02 5.816554239755888358e-05
3.320000000000000000e+02 5.486335969070256285e-05
3.330000000000000000e+02 5.437819984574430299e-05
3.340000000000000000e+02 5.128976839468805683e-05
3.350000000000000000e+02 5.118937235221294698e-05
3.360000000000000000e+02 4.827942466738942550e-05
3.370000000000000000e+02 4.818759149770264944e-05
3.380000000000000000e+02 4.601980817797857436e-05
3.390000000000000000e+02 4.565170489360727030e-05
3.400000000000000000e+02 4.305387912868903852e-05
3.410000000000000000e+02 4.279623530771025551e-05
3.420000000000000000e+02 4.075818994718939122e-05
3.430000000000000000e+02 4.077237044648571076e-05
3.440000000000000000e+02 3.931916857597218590e-05
3.450000000000000000e+02 3.951950074024881818e-05
3.460000000000000000e+02 3.794854837134995965e-05
3.470000000000000000e+02 3.786029269653724128e-05
3.480000000000000000e+02 3.633214185734482408e-05
3.490000000000000000e+02 3.647609343940082368e-05
3.500000000000000000e+02 3.481770631321813375e-05
3.510000000000000000e+02 3.462697441397594297e-05
3.520000000000000000e+02 3.412586836784891654e-05
3.530000000000000000e+02 3.549136166079074826e-05
3.540000000000000000e+02 3.415110055981354707e-05
3.550000000000000000e+02 3.357704072651902056e-05
3.560000000000000000e+02 3.193705024031115447e-05
3.570000000000000000e+02 3.223049760258926851e-05
3.580000000000000000e+02 3.152124824586713923e-05
3.590000000000000000e+02 3.166792776087777979e-05
3.600000000000000000e+02 3.255459440607745293e-05
3.610000000000000000e+02 3.122296554151370615e-05
3.620000000000000000e+02 3.091815551569640123e-05
3.630000000000000000e+02 3.008802731426945509e-05
3.640000000000000000e+02 3.114461116982903191e-05
3.650000000000000000e+02 3.005726056011132920e-05
3.660000000000000000e+02 3.039451363747173841e-05
3.670000000000000000e+02 2.910922175085265749e-05
3.680000000000000000e+02 2.947135874415555661e-05
3.690000000000000000e+02 2.871970089851642852e-05
3.700000000000000000e+02 2.955801999139286314e-05
3.710000000000000000e+02 2.909813679110544572e-05
3.720000000000000000e+02 2.931961891025653560e-05
3.730000000000000000e+02 2.785716575773982743e-05
3.740000000000000000e+02 2.831708249267374347e-05
3.750000000000000000e+02 2.755578580811610689e-05
3.760000000000000000e+02 2.859334493578597072e-05
3.770000000000000000e+02 2.777836684920978995e-05
3.780000000000000000e+02 2.797989675381076972e-05
3.790000000000000000e+02 2.655950804909362368e-05
3.800000000000000000e+02 2.679394713699620827e-05
3.810000000000000000e+02 2.599745887453613566e-05
3.820000000000000000e+02 2.695963477894575372e-05
3.830000000000000000e+02 2.611152031153379200e-05
3.840000000000000000e+02 2.580820555244828658e-05
3.850000000000000000e+02 2.491643007807256452e-05
3.860000000000000000e+02 2.565723374819005618e-05
3.870000000000000000e+02 2.597566404844078852e-05
3.880000000000000000e+02 2.768940808775165934e-05
3.890000000000000000e+02 2.652219637603798384e-05
3.900000000000000000e+02 2.585999991435292735e-05
3.910000000000000000e+02 2.454645955047598632e-05
3.920000000000000000e+02 2.509303309713221784e-05
3.930000000000000000e+02 2.534598502866598684e-05
3.940000000000000000e+02 2.630417064069546983e-05
3.950000000000000000e+02 2.544961319930665256e-05
3.960000000000000000e+02 2.509279679054991763e-05
3.970000000000000000e+02 2.543370563782346353e-05
3.980000000000000000e+02 2.490849654152166439e-05
3.990000000000000000e+02 2.507376234877453685e-05
4.000000000000000000e+02 2.526521108980007158e-05
4.010000000000000000e+02 2.454735033485511730e-05
4.020000000000000000e+02 2.446586631315236590e-05
4.030000000000000000e+02 2.511093241327453540e-05
4.040000000000000000e+02 2.592279795353539417e-05
4.050000000000000000e+02 2.653152731489716182e-05
4.060000000000000000e+02 2.718846366082730017e-05
4.070000000000000000e+02 2.646512562068361601e-05
4.080000000000000000e+02 2.660804503766962849e-05
4.090000000000000000e+02 2.621716272411651975e-05
4.100000000000000000e+02 2.707274483178286057e-05
4.110000000000000000e+02 2.675596382979789499e-05
4.120000000000000000e+02 2.694140297495912513e-05
4.130000000000000000e+02 2.598437885926031297e-05
4.140000000000000000e+02 2.597778604365968874e-05
4.150000000000000000e+02 2.541475344208153248e-05
4.160000000000000000e+02 2.647284786990957610e-05
4.170000000000000000e+02 2.589835662058724948e-05
4.180000000000000000e+02 2.590180714435936685e-05
4.190000000000000000e+02 2.427845507423131624e-05
4.200000000000000000e+02 2.419405708135137023e-05
4.210000000000000000e+02 2.358929283873548643e-05
4.220000000000000000e+02 2.388753211594791639e-05
4.230000000000000000e+02 2.377598718944139383e-05
4.240000000000000000e+02 2.437575188603590467e-05
4.250000000000000000e+02 2.317186184095391122e-05
4.260000000000000000e+02 2.354780947227619260e-05
4.270000000000000000e+02 2.340721205688490105e-05
4.280000000000000000e+02 2.356002521491725954e-05
4.290000000000000000e+02 2.226286787195415375e-05
4.300000000000000000e+02 2.215567686520717383e-05
4.310000000000000000e+02 2.309677044847660346e-05
4.320000000000000000e+02 2.345073574429846038e-05
4.330000000000000000e+02 2.362919823378560496e-05
4.340000000000000000e+02 2.323738354814503120e-05
4.350000000000000000e+02 2.271356595078554517e-05
4.360000000000000000e+02 2.208975846073926019e-05
4.370000000000000000e+02 2.214140669389977930e-05
4.380000000000000000e+02 2.264915311219501418e-05
4.390000000000000000e+02 2.271113514956158585e-05
4.400000000000000000e+02 2.257313869555957304e-05
4.410000000000000000e+02 2.240823901520428210e-05
4.420000000000000000e+02 2.326128615624107376e-05
4.430000000000000000e+02 2.307836038737391291e-05
4.440000000000000000e+02 2.241145704260511301e-05
4.450000000000000000e+02 2.207129663645321005e-05
4.460000000000000000e+02 2.237841006218949756e-05
4.470000000000000000e+02 2.265618389020663520e-05
4.480000000000000000e+02 2.310277184147973398e-05
4.490000000000000000e+02 2.341034810320744751e-05
4.500000000000000000e+02 2.271782755249775678e-05
4.510000000000000000e+02 2.223661771486188518e-05
4.520000000000000000e+02 2.179149083899502027e-05
4.530000000000000000e+02 2.262429492661432841e-05
4.540000000000000000e+02 2.215154689040212726e-05
4.550000000000000000e+02 2.297577826054347986e-05
4.560000000000000000e+02 2.232970999230812908e-05
4.570000000000000000e+02 2.274427475678064884e-05
4.580000000000000000e+02 2.220168567666425393e-05
4.590000000000000000e+02 2.255765857682929577e-05
4.600000000000000000e+02 2.238202239966165111e-05
4.610000000000000000e+02 2.288567906705935042e-05
4.620000000000000000e+02 2.188618615833541717e-05
4.630000000000000000e+02 2.211509955548513346e-05
4.640000000000000000e+02 2.155175836137463092e-05
4.650000000000000000e+02 2.171671014262877681e-05
4.660000000000000000e+02 2.131676543412279644e-05
4.670000000000000000e+02 2.119586747822219938e-05
4.680000000000000000e+02 1.976924466053172258e-05
4.690000000000000000e+02 2.038677323317326481e-05
4.700000000000000000e+02 2.118109189348426279e-05
4.710000000000000000e+02 2.235015225599560341e-05
4.720000000000000000e+02 2.219197176261091927e-05
4.730000000000000000e+02 2.164769642872619906e-05
4.740000000000000000e+02 2.011831408809047625e-05
4.750000000000000000e+02 2.018060158374393028e-05
4.760000000000000000e+02 2.116961902753041396e-05
4.770000000000000000e+02 2.230572480018128275e-05
4.780000000000000000e+02 2.227948159946687752e-05
4.790000000000000000e+02 2.098299542476406016e-05
4.800000000000000000e+02 2.052380861743201575e-05
4.810000000000000000e+02 2.064582875040049589e-05
4.820000000000000000e+02 2.115034716359401388e-05
4.830000000000000000e+02 2.147839861004152990e-05
4.840000000000000000e+02 2.158722046151132941e-05
4.850000000000000000e+02 2.112489490393510129e-05
4.860000000000000000e+02 2.129466067374397061e-05
4.870000000000000000e+02 2.200082419708032151e-05
4.880000000000000000e+02 2.258378009610461650e-05
4.890000000000000000e+02 2.278632547123712478e-05
4.900000000000000000e+02 2.264386522449779131e-05
4.910000000000000000e+02 2.276809110201827291e-05
4.920000000000000000e+02 2.322591106535849955e-05
4.930000000000000000e+02 2.363389516355330768e-05
4.940000000000000000e+02 2.360989311334274235e-05
4.950000000000000000e+02 2.357261809939924639e-05
4.960000000000000000e+02 2.413163675135747874e-05
4.970000000000000000e+02 2.281724025399005791e-05
4.980000000000000000e+02 2.182988308701237022e-05
4.990000000000000000e+02 2.216912320429109977e-05
5.000000000000000000e+02 2.143369377325010135e-05
5.010000000000000000e+02 2.115596768300538136e-05
5.020000000000000000e+02 2.092393509266082073e-05
5.030000000000000000e+02 2.066564172184951731e-05
5.040000000000000000e+02 2.027471858813181455e-05
5.050000000000000000e+02 2.172887630555106814e-05
5.060000000000000000e+02 2.229642633971018337e-05
5.070000000000000000e+02 2.154931398037944617e-05
5.080000000000000000e+02 1.992370573895262131e-05
5.090000000000000000e+02 1.942742680912625181e-05
5.100000000000000000e+02 2.076726772192231501e-05
5.110000000000000000e+02 2.158215043236326659e-05
5.120000000000000000e+02 2.206339199717332670e-05
5.130000000000000000e+02 2.149788386918338376e-05
5.140000000000000000e+02 2.075098541536126481e-05
5.150000000000000000e+02 2.008838567626380835e-05
5.160000000000000000e+02 2.031411023297058444e-05
5.170000000000000000e+02 2.099786150064566510e-05
5.180000000000000000e+02 2.043872425997180311e-05
5.190000000000000000e+02 1.958609154762065864e-05
5.200000000000000000e+02 2.031977968388347901e-05
5.210000000000000000e+02 2.100323773762909467e-05
5.220000000000000000e+02 2.167741172366257165e-05
5.230000000000000000e+02 2.099113058265622930e-05
5.240000000000000000e+02 1.984959818439864065e-05
5.250000000000000000e+02 1.935200281777420581e-05
5.260000000000000000e+02 1.956166409768807021e-05
5.270000000000000000e+02 2.030591005419193692e-05
5.280000000000000000e+02 2.151908380027409482e-05
5.290000000000000000e+02 2.133586186669819622e-05
5.300000000000000000e+02 2.043375068665061360e-05
5.310000000000000000e+02 2.099698029505397726e-05
5.320000000000000000e+02 2.153455298215562150e-05
5.330000000000000000e+02 2.075182712249411414e-05
5.340000000000000000e+02 2.078578558993418780e-05
5.350000000000000000e+02 2.076286737639281927e-05
5.360000000000000000e+02 2.139417387909130325e-05
5.370000000000000000e+02 2.048749704251471651e-05
5.380000000000000000e+02 2.095330404329672511e-05
5.390000000000000000e+02 2.058322814997888217e-05
5.400000000000000000e+02 2.096075250920905505e-05
5.410000000000000000e+02 2.039434330835627275e-05
5.420000000000000000e+02 2.037174344254823440e-05
5.430000000000000000e+02 2.028106286633467062e-05
5.440000000000000000e+02 2.111392527348693475e-05
5.450000000000000000e+02 2.034717521420455831e-05
5.460000000000000000e+02 2.028493015901310719e-05
5.470000000000000000e+02 1.904655418177701680e-05
5.480000000000000000e+02 1.904888166146558704e-05
5.490000000000000000e+02 2.035940587871723847e-05
5.500000000000000000e+02 2.149904832342519907e-05
5.510000000000000000e+02 2.146050215642978490e-05
5.520000000000000000e+02 2.137801449976386479e-05
5.530000000000000000e+02 2.009541525455713632e-05
5.540000000000000000e+02 1.995050424197558064e-05
5.550000000000000000e+02 2.011648179457955883e-05
5.560000000000000000e+02 2.071672194292742270e-05
5.570000000000000000e+02 1.959751908513418576e-05
5.580000000000000000e+02 1.928474461675383926e-05
5.590000000000000000e+02 1.982006250281349204e-05
5.600000000000000000e+02 2.034797246663011766e-05
5.610000000000000000e+02 2.074123678851971038e-05
5.620000000000000000e+02 2.105179236101528673e-05
5.630000000000000000e+02 1.958428057219904691e-05
5.640000000000000000e+02 1.954872923892286537e-05
5.650000000000000000e+02 2.029879157408115897e-05
5.660000000000000000e+02 2.077421956873269358e-05
5.670000000000000000e+02 2.181992517472141217e-05
5.680000000000000000e+02 2.119484618435936194e-05
5.690000000000000000e+02 2.102045536870183080e-05
5.700000000000000000e+02 2.129922930899566112e-05
5.710000000000000000e+02 2.161125005061869991e-05
5.720000000000000000e+02 2.178592245073845347e-05
5.730000000000000000e+02 2.206876220387540320e-05
5.740000000000000000e+02 2.184977623605301514e-05
5.750000000000000000e+02 2.219305086863555278e-05
5.760000000000000000e+02 2.290040647504022224e-05
5.770000000000000000e+02 2.212866736414527481e-05
5.780000000000000000e+02 2.226198087918201832e-05
5.790000000000000000e+02 2.119947999071983369e-05
5.800000000000000000e+02 2.113943902414741475e-05
5.810000000000000000e+02 2.052404932106404671e-05
5.820000000000000000e+02 2.048894645941425725e-05
5.830000000000000000e+02 2.034884335367343516e-05
5.840000000000000000e+02 2.111758611775217667e-05
5.850000000000000000e+02 2.124370916671434862e-05
5.860000000000000000e+02 2.032544175908250673e-05
5.870000000000000000e+02 1.956108076685123646e-05
5.880000000000000000e+02 2.022923034165645653e-05
5.890000000000000000e+02 1.965805803909881637e-05
5.900000000000000000e+02 1.954460294955298846e-05
5.910000000000000000e+02 1.987740220220125819e-05
5.920000000000000000e+02 2.020918826852867540e-05
5.930000000000000000e+02 1.940765172294733659e-05
5.940000000000000000e+02 1.976473663709309619e-05
5.950000000000000000e+02 2.058253542745187064e-05
5.960000000000000000e+02 2.013881677058821848e-05
5.970000000000000000e+02 1.855608267367405212e-05
5.980000000000000000e+02 1.813531684883436891e-05
5.990000000000000000e+02 1.912187281651209442e-05
6.000000000000000000e+02 2.054231571236129773e-05
6.010000000000000000e+02 2.085498091852592089e-05
6.020000000000000000e+02 2.035273491279040751e-05
6.030000000000000000e+02 2.000562144321212533e-05
6.040000000000000000e+02 1.911665591269483597e-05
6.050000000000000000e+02 1.894741092314356867e-05
6.060000000000000000e+02 1.967704699916730568e-05
6.070000000000000000e+02 2.068719632470693255e-05
6.080000000000000000e+02 2.012125177747214785e-05
6.090000000000000000e+02 1.996570229176793199e-05
6.100000000000000000e+02 1.974834757664517069e-05
6.110000000000000000e+02 1.976261753389925535e-05
6.120000000000000000e+02 1.985115365993433528e-05
6.130000000000000000e+02 1.941257092904738913e-05
6.140000000000000000e+02 1.990021432523428999e-05
6.150000000000000000e+02 1.961730968602222358e-05
6.160000000000000000e+02 1.966505084437454015e-05
6.170000000000000000e+02 2.012278863553138212e-05
6.180000000000000000e+02 2.041982760699730603e-05
6.190000000000000000e+02 1.984608068699854856e-05
6.200000000000000000e+02 1.911448691351364584e-05
6.210000000000000000e+02 2.026606092820795290e-05
6.220000000000000000e+02 2.075634426083070114e-05
6.230000000000000000e+02 2.223566711847608496e-05
6.240000000000000000e+02 2.126001086424402360e-05
6.250000000000000000e+02 2.033207575874568636e-05
6.260000000000000000e+02 1.844426928014745754e-05
6.270000000000000000e+02 1.895989963708203662e-05
6.280000000000000000e+02 1.943560674883194244e-05
6.290000000000000000e+02 2.043833093907107554e-05
6.300000000000000000e+02 1.966655758333749759e-05
6.310000000000000000e+02 1.973303551068361579e-05
6.320000000000000000e+02 1.887066826926418915e-05
6.330000000000000000e+02 1.917796717616951878e-05
6.340000000000000000e+02 1.916995208838471654e-05
6.350000000000000000e+02 1.991905748520790534e-05
6.360000000000000000e+02 1.909874920558570917e-05
6.370000000000000000e+02 1.882654927505378087e-05
6.380000000000000000e+02 2.002453003978144433e-05
6.390000000000000000e+02 2.118264461885742617e-05
6.400000000000000000e+02 2.155475035112345322e-05
6.410000000000000000e+02 2.079809375280538113e-05
6.420000000000000000e+02 1.870799122265342831e-05
6.430000000000000000e+02 1.769145139383160520e-05
6.440000000000000000e+02 1.829088708115386662e-05
6.450000000000000000e+02 1.974531816521266309e-05
6.460000000000000000e+02 2.054938088199991617e-05
6.470000000000000000e+02 2.050617616212227343e-05
6.480000000000000000e+02 1.958986168063325386e-05
6.490000000000000000e+02 1.919883507983500569e-05
6.500000000000000000e+02 1.951089865002245295e-05
6.510000000000000000e+02 2.057366950607161598e-05
6.520000000000000000e+02 2.097312867804044926e-05
6.530000000000000000e+02 2.115768223195030947e-05
6.540000000000000000e+02 2.194985031024033296e-05
6.550000000000000000e+02 2.202465775166962609e-05
6.560000000000000000e+02 2.259615802666616321e-05
6.570000000000000000e+02 2.237754303147863584e-05
6.580000000000000000e+02 2.123878399433623651e-05
6.590000000000000000e+02 2.093862766679122103e-05
6.600000000000000000e+02 2.016707277911767155e-05
6.610000000000000000e+02 2.019468280175086309e-05
6.620000000000000000e+02 2.106330581426539884e-05
6.630000000000000000e+02 2.101911441735887108e-05
6.640000000000000000e+02 2.025068223097628938e-05
6.650000000000000000e+02 1.933994001513163072e-05
6.660000000000000000e+02 1.950692061358856558e-05
6.670000000000000000e+02 1.975405206561346908e-05
6.680000000000000000e+02 2.030834158470178383e-05
6.690000000000000000e+02 1.939262113908385559e-05
6.700000000000000000e+02 1.960606368412215928e-05
6.710000000000000000e+02 1.912403550267813079e-05
6.720000000000000000e+02 1.890121582459172302e-05
6.730000000000000000e+02 1.877163478501485300e-05
6.740000000000000000e+02 2.101828508929370234e-05
6.750000000000000000e+02 2.003112082248956121e-05
6.760000000000000000e+02 1.909936385544340598e-05
6.770000000000000000e+02 1.863472558034539431e-05
6.780000000000000000e+02 1.871214710060553721e-05
6.790000000000000000e+02 1.890032774096690542e-05
6.800000000000000000e+02 1.908310756615401262e-05
6.810000000000000000e+02 1.945009650265717532e-05
6.820000000000000000e+02 1.938686589619954381e-05
6.830000000000000000e+02 1.926897810162572669e-05
6.840000000000000000e+02 1.943914368288995529e-05
6.850000000000000000e+02 2.003237131824269461e-05
6.860000000000000000e+02 1.989603260805846251e-05
6.870000000000000000e+02 1.935994735854554933e-05
6.880000000000000000e+02 1.884375733570025128e-05
6.890000000000000000e+02 1.906086395145614599e-05
6.900000000000000000e+02 1.961342648353942928e-05
6.910000000000000000e+02 1.932538064890960134e-05
6.920000000000000000e+02 2.015998747576893110e-05
6.930000000000000000e+02 1.945061433141794571e-05
6.940000000000000000e+02 1.951345558814604358e-05
6.950000000000000000e+02 1.964040570047796794e-05
6.960000000000000000e+02 1.995506741266737526e-05
6.970000000000000000e+02 1.958892246934519627e-05
6.980000000000000000e+02 1.914033272074294493e-05
6.990000000000000000e+02 1.900882704409804689e-05
7.000000000000000000e+02 1.895201245126900024e-05
7.010000000000000000e+02 1.967249615827741763e-05
7.020000000000000000e+02 1.966054092389474839e-05
7.030000000000000000e+02 2.000162245013608852e-05
7.040000000000000000e+02 1.943109167335710141e-05
7.050000000000000000e+02 1.978663903191441042e-05
7.060000000000000000e+02 2.045146409685694066e-05
7.070000000000000000e+02 1.966693208850907532e-05
7.080000000000000000e+02 1.921160609991857187e-05
7.090000000000000000e+02 1.813463804669537607e-05
7.100000000000000000e+02 2.002135060229126882e-05
7.110000000000000000e+02 1.998725939288208922e-05
7.120000000000000000e+02 2.043393909938726917e-05
7.130000000000000000e+02 1.982899104939513096e-05
7.140000000000000000e+02 1.923700759564714961e-05
7.150000000000000000e+02 1.781796219787666502e-05
7.160000000000000000e+02 1.795768378825856029e-05
7.170000000000000000e+02 1.873593417481229372e-05
7.180000000000000000e+02 2.060743739951911185e-05
7.190000000000000000e+02 2.061758678398015581e-05
7.200000000000000000e+02 1.951053828720822811e-05
7.210000000000000000e+02 1.877501775689679217e-05
7.220000000000000000e+02 1.831740084130194113e-05
7.230000000000000000e+02 1.873136142689343973e-05
7.240000000000000000e+02 1.963819941360507180e-05
7.250000000000000000e+02 1.946085940390972408e-05
7.260000000000000000e+02 1.928190793843620988e-05
7.270000000000000000e+02 1.929948409209223081e-05
7.280000000000000000e+02 2.014254743021600034e-05
7.290000000000000000e+02 2.022776472190088978e-05
7.300000000000000000e+02 2.099311608853043462e-05
7.310000000000000000e+02 1.957624466618925924e-05
7.320000000000000000e+02 1.872496406080657690e-05
7.330000000000000000e+02 1.925780568079914079e-05
7.340000000000000000e+02 2.096748796002108090e-05
7.350000000000000000e+02 2.155519603051732547e-05
7.360000000000000000e+02 2.093961547772077797e-05
7.370000000000000000e+02 2.019652953083713522e-05
7.380000000000000000e+02 1.979362637385949318e-05
7.390000000000000000e+02 1.990006188737797297e-05
7.400000000000000000e+02 2.061903317416828398e-05
7.410000000000000000e+02 2.159590473927432234e-05
7.420000000000000000e+02 2.116281465698940465e-05
7.430000000000000000e+02 1.994529088435876147e-05
7.440000000000000000e+02 1.991027043369682646e-05
7.450000000000000000e+02 2.064482342140493113e-05
7.460000000000000000e+02 2.104071550751838884e-05
7.470000000000000000e+02 2.015747700529103379e-05
7.480000000000000000e+02 1.896500152871983755e-05
7.490000000000000000e+02 1.892383487132081029e-05
7.500000000000000000e+02 1.878743275676269105e-05
7.510000000000000000e+02 1.836937022634157115e-05
7.520000000000000000e+02 1.930349250488627751e-05
7.530000000000000000e+02 1.975613114616817643e-05
7.540000000000000000e+02 1.934973364750155211e-05
7.550000000000000000e+02 1.846452295653411001e-05
7.560000000000000000e+02 1.834804104225750811e-05
7.570000000000000000e+02 1.908775389523014368e-05
7.580000000000000000e+02 1.916993382487320449e-05
7.590000000000000000e+02 1.883592060341813509e-05
7.600000000000000000e+02 1.881658274323629271e-05
7.610000000000000000e+02 1.832228942318093234e-05
7.620000000000000000e+02 1.809223644188254790e-05
7.630000000000000000e+02 1.908079547648588734e-05
7.640000000000000000e+02 2.116160659216776097e-05
7.650000000000000000e+02 2.081140276872404059e-05
7.660000000000000000e+02 1.946610388623816679e-05
7.670000000000000000e+02 1.805864871439282390e-05
7.680000000000000000e+02 1.799789765821661243e-05
7.690000000000000000e+02 1.866119826573861792e-05
7.700000000000000000e+02 1.985793359389015651e-05
7.710000000000000000e+02 1.983233636880990712e-05
7.720000000000000000e+02 1.873068507666448692e-05
7.730000000000000000e+02 1.819699677178570252e-05
7.740000000000000000e+02 1.880632631485499865e-05
7.750000000000000000e+02 1.977998527877944024e-05
7.760000000000000000e+02 1.937380959773211503e-05
7.770000000000000000e+02 1.905301415419001219e-05
7.780000000000000000e+02 1.849683811339905603e-05
7.790000000000000000e+02 1.858521009804914607e-05
7.800000000000000000e+02 1.917851271755285049e-05
7.810000000000000000e+02 1.995755425935118952e-05
7.820000000000000000e+02 2.047664741508500771e-05
7.830000000000000000e+02 2.034950372442349202e-05
7.840000000000000000e+02 1.958766748919227288e-05
7.850000000000000000e+02 1.978107902366445589e-05
7.860000000000000000e+02 1.962671236053167200e-05
7.870000000000000000e+02 1.941770096421806369e-05
7.880000000000000000e+02 1.877320841370764946e-05
7.890000000000000000e+02 1.957274579237257582e-05
7.900000000000000000e+02 1.902550139717783042e-05
7.910000000000000000e+02 1.901238498978498264e-05
7.920000000000000000e+02 1.846893118221210820e-05
7.930000000000000000e+02 1.902999039034433752e-05
7.940000000000000000e+02 1.821863654718617451e-05
7.950000000000000000e+02 1.797335644018962199e-05
7.960000000000000000e+02 1.780425962271322822e-05
7.970000000000000000e+02 1.945132710984742553e-05
7.980000000000000000e+02 1.955851476028164289e-05
7.990000000000000000e+02 2.007196550377628893e-05
8.000000000000000000e+02 2.019656915426899693e-05
8.010000000000000000e+02 2.002280433774762677e-05
8.020000000000000000e+02 1.888716947967912488e-05
8.030000000000000000e+02 1.887388170697742537e-05
8.040000000000000000e+02 1.853549752317124575e-05
8.050000000000000000e+02 1.876932667273622431e-05
8.060000000000000000e+02 1.862096151685270452e-05
8.070000000000000000e+02 1.874071212171027717e-05
8.080000000000000000e+02 1.886263742084911860e-05
8.090000000000000000e+02 1.920543714609573318e-05
8.100000000000000000e+02 1.880513311142911293e-05
8.110000000000000000e+02 1.804307354319781729e-05
8.120000000000000000e+02 1.899846708819196003e-05
8.130000000000000000e+02 2.047289565106640791e-05
8.140000000000000000e+02 2.069893019388637157e-05
8.150000000000000000e+02 2.007272932110501436e-05
8.160000000000000000e+02 1.928271778375392865e-05
8.170000000000000000e+02 1.984399386062592457e-05
8.180000000000000000e+02 2.057763519317682766e-05
8.190000000000000000e+02 2.172986103602972218e-05
8.200000000000000000e+02 2.196598361661553303e-05
8.210000000000000000e+02 2.117618196327370822e-05
8.220000000000000000e+02 2.023242572137436406e-05
8.230000000000000000e+02 2.045434617177156386e-05
8.240000000000000000e+02 2.094378035550097436e-05
8.250000000000000000e+02 2.055906437400062422e-05
8.260000000000000000e+02 1.876046917829981154e-05
8.270000000000000000e+02 1.865026214417970469e-05
8.280000000000000000e+02 1.939507965810455153e-05
8.290000000000000000e+02 2.073447099790228575e-05
8.300000000000000000e+02 2.025106074825744410e-05
8.310000000000000000e+02 1.992592564615620066e-05
8.320000000000000000e+02 1.773542071408646176e-05
8.330000000000000000e+02 1.727322969763181427e-05
8.340000000000000000e+02 1.749741569482661939e-05
8.350000000000000000e+02 1.997246524873807564e-05
8.360000000000000000e+02 2.080915603038436293e-05
8.370000000000000000e+02 2.010755575152089612e-05
8.380000000000000000e+02 1.843894284809142553e-05
8.390000000000000000e+02 1.774346801795952396e-05
8.400000000000000000e+02 1.749496118831656038e-05
8.410000000000000000e+02 1.797947116211739345e-05
8.420000000000000000e+02 1.926124143043280934e-05
8.430000000000000000e+02 1.938564521383868115e-05
8.440000000000000000e+02 1.925535815180662760e-05
8.450000000000000000e+02 1.910800663170213258e-05
8.460000000000000000e+02 1.866939799908823921e-05
8.470000000000000000e+02 1.868725714029771150e-05
8.480000000000000000e+02 1.877032090182747834e-05
8.490000000000000000e+02 1.826005814480126149e-05
8.500000000000000000e+02 1.777542018162224177e-05
8.510000000000000000e+02 1.810175797714955339e-05
8.520000000000000000e+02 1.906448294820295306e-05
8.530000000000000000e+02 2.120531012831911074e-05
8.540000000000000000e+02 2.007938746013356970e-05
8.550000000000000000e+02 1.823158933575944892e-05
8.560000000000000000e+02 1.711019120326509808e-05
8.570000000000000000e+02 1.760049731212933756e-05
8.580000000000000000e+02 1.893609765645928733e-05
8.590000000000000000e+02 2.030408775372574129e-05
8.600000000000000000e+02 2.045446004822633177e-05
8.610000000000000000e+02 1.901098707204474904e-05
8.620000000000000000e+02 1.855949398481110448e-05
8.630000000000000000e+02 1.825650920771623462e-05
8.640000000000000000e+02 1.939715721010776966e-05
8.650000000000000000e+02 1.913356231588473084e-05
8.660000000000000000e+02 1.888777745316724420e-05
8.670000000000000000e+02 1.855635816749727471e-05
8.680000000000000000e+02 1.932138594722587928e-05
8.690000000000000000e+02 1.949541153470955469e-05
8.700000000000000000e+02 1.967094510564504738e-05
8.710000000000000000e+02 1.980806454589026695e-05
8.720000000000000000e+02 1.938347881558333033e-05
8.730000000000000000e+02 1.826210089466888677e-05
8.740000000000000000e+02 1.838006133842276488e-05
8.750000000000000000e+02 1.846912526121242905e-05
8.760000000000000000e+02 1.953547012048710368e-05
8.770000000000000000e+02 1.908478310880040032e-05
8.780000000000000000e+02 1.912048156710713769e-05
8.790000000000000000e+02 1.808505943595455128e-05
8.800000000000000000e+02 1.846545102209829739e-05
8.810000000000000000e+02 1.840037912038117976e-05
8.820000000000000000e+02 1.908354934886985051e-05
8.830000000000000000e+02 1.905859158991248724e-05
8.840000000000000000e+02 1.872791919635707653e-05
8.850000000000000000e+02 1.785425992510577037e-05
8.860000000000000000e+02 1.834387856201898009e-05
8.870000000000000000e+02 1.950047403618140497e-05
8.880000000000000000e+02 2.005393590871995153e-05
8.890000000000000000e+02 2.007663782910746485e-05
8.900000000000000000e+02 1.836222893622384801e-05
8.910000000000000000e+02 1.791748021846904958e-05
8.920000000000000000e+02 1.910123850477953044e-05
8.930000000000000000e+02 1.885779340616326741e-05
8.940000000000000000e+02 1.864220118652626227e-05
8.950000000000000000e+02 1.923499123541347504e-05
8.960000000000000000e+02 1.906500363718145220e-05
8.970000000000000000e+02 1.910002207390000978e-05
8.980000000000000000e+02 1.998694346435333908e-05
8.990000000000000000e+02 2.011573617999044537e-05
9.000000000000000000e+02 2.018494017191200439e-05
9.010000000000000000e+02 2.052176944894812537e-05
9.020000000000000000e+02 2.134325075647121284e-05
9.030000000000000000e+02 2.126270296857046686e-05
9.040000000000000000e+02 2.024764631314451111e-05
9.050000000000000000e+02 1.904325277636481886e-05
9.060000000000000000e+02 1.957148096132814693e-05
9.070000000000000000e+02 2.034186823164749026e-05
9.080000000000000000e+02 2.072740821218803083e-05
9.090000000000000000e+02 2.065197337590699556e-05
9.100000000000000000e+02 2.009677676669767077e-05
9.110000000000000000e+02 1.845711508432620673e-05
9.120000000000000000e+02 1.835440812263413842e-05
9.130000000000000000e+02 1.838973581064530990e-05
9.140000000000000000e+02 1.866796484687437897e-05
9.150000000000000000e+02 1.839231575195042023e-05
9.160000000000000000e+02 1.884234050829604562e-05
9.170000000000000000e+02 1.903611299353951823e-05
9.180000000000000000e+02 1.978556735080232260e-05
9.190000000000000000e+02 1.966923100279329388e-05
9.200000000000000000e+02 1.833982137339375054e-05
9.210000000000000000e+02 1.818264345045959420e-05
9.220000000000000000e+02 1.780717776025999354e-05
9.230000000000000000e+02 1.803822390061735512e-05
9.240000000000000000e+02 1.971989629226546221e-05
9.250000000000000000e+02 2.001983479708936120e-05
9.260000000000000000e+02 1.918298413724542136e-05
9.270000000000000000e+02 1.827393075711379649e-05
9.280000000000000000e+02 1.766721720976011559e-05
9.290000000000000000e+02 1.734753499278924435e-05
9.300000000000000000e+02 1.796890249189030009e-05
9.310000000000000000e+02 1.939491564604618851e-05
9.320000000000000000e+02 2.011361829823274443e-05
9.330000000000000000e+02 1.921150538363495828e-05
9.340000000000000000e+02 1.838182774593930541e-05
9.350000000000000000e+02 1.829631514407082163e-05
9.360000000000000000e+02 1.887080799065381901e-05
9.370000000000000000e+02 1.855627282728474062e-05
9.380000000000000000e+02 1.795978287024457514e-05
9.390000000000000000e+02 1.810026239805575035e-05
9.400000000000000000e+02 1.833056119279116703e-05
9.410000000000000000e+02 1.873848631575037447e-05
9.420000000000000000e+02 2.081607723260016948e-05
9.430000000000000000e+02 2.049789336123654309e-05
9.440000000000000000e+02 1.841597911857468920e-05
9.450000000000000000e+02 1.764852981285571485e-05
9.460000000000000000e+02 1.779431629815051571e-05
9.470000000000000000e+02 1.883629622054268027e-05
9.480000000000000000e+02 1.962776414554680995e-05
9.490000000000000000e+02 1.996523983134987462e-05
9.500000000000000000e+02 1.856659029864551322e-05
9.510000000000000000e+02 1.829239418505227883e-05
9.520000000000000000e+02 1.771009937716743959e-05
9.530000000000000000e+02 1.898979261855220362e-05
9.540000000000000000e+02 1.975969573195622287e-05
9.550000000000000000e+02 1.954575027961054121e-05
9.560000000000000000e+02 1.815174476864322747e-05
9.570000000000000000e+02 1.740457972684306007e-05
9.580000000000000000e+02 1.823177322099113308e-05
9.590000000000000000e+02 1.843694735709156869e-05
9.600000000000000000e+02 1.998700322394353262e-05
9.610000000000000000e+02 1.926105280710575178e-05
9.620000000000000000e+02 1.889421987168371828e-05
9.630000000000000000e+02 1.801489776643134966e-05
9.640000000000000000e+02 1.815381809424428550e-05
9.650000000000000000e+02 1.911062413242716244e-05
9.660000000000000000e+02 2.020794581646134271e-05
9.670000000000000000e+02 1.906616462562887409e-05
9.680000000000000000e+02 1.848908596879793941e-05
9.690000000000000000e+02 1.775254031179935270e-05
9.700000000000000000e+02 1.795534698493095446e-05
9.710000000000000000e+02 1.887336689025346907e-05
9.720000000000000000e+02 1.866431875750766955e-05
9.730000000000000000e+02 1.806151165076143043e-05
9.740000000000000000e+02 1.769237502828333998e-05
9.750000000000000000e+02 1.836381030738938068e-05
9.760000000000000000e+02 1.958912319527339148e-05
9.770000000000000000e+02 2.044756242195455156e-05
9.780000000000000000e+02 2.036274224638536952e-05
9.790000000000000000e+02 1.942792545254983487e-05
9.800000000000000000e+02 1.932900617349639030e-05
9.810000000000000000e+02 2.027392858455980779e-05
9.820000000000000000e+02 2.085631324552173692e-05
9.830000000000000000e+02 2.063123468880484094e-05
9.840000000000000000e+02 2.000446507258507107e-05
9.850000000000000000e+02 1.914091763054196618e-05
9.860000000000000000e+02 1.869268389358612700e-05
9.870000000000000000e+02 1.969378974507731016e-05
9.880000000000000000e+02 2.133818852799926731e-05
9.890000000000000000e+02 2.040637627899879807e-05
9.900000000000000000e+02 1.940443502857777948e-05
9.910000000000000000e+02 1.888978936557229806e-05
9.920000000000000000e+02 1.880885381040165919e-05
9.930000000000000000e+02 1.909515285844753455e-05
9.940000000000000000e+02 1.868698989461775971e-05
9.950000000000000000e+02 1.887977442243825890e-05
9.960000000000000000e+02 1.940351226662742276e-05
9.970000000000000000e+02 1.940871080773903128e-05
9.980000000000000000e+02 1.911155076678865250e-05
9.990000000000000000e+02 1.937502828317901808e-05
1.000000000000000000e+03 1.802872738939373056e-05
