1.000000000000000000e+00 3.288928625531530644e-03
2.000000000000000000e+00 1.261889956709656875e-02
3.000000000000000000e+00 1.000000000000000000e+00
4.000000000000000000e+00 7.556959738643614921e-01
5.000000000000000000e+00 6.019389199685245551e-01
6.000000000000000000e+00 4.792252464524593969e-01
7.000000000000000000e+00 4.075095739900135849e-01
8.000000000000000000e+00 3.630579462011713221e-01
9.000000000000000000e+00 3.445666750311069393e-01
1.000000000000000000e+01 3.471630700916915058e-01
1.100000000000000000e+01 3.741227483626857753e-01
1.200000000000000000e+01 4.088744682226752025e-01
1.300000000000000000e+01 4.203916945658517923e-01
1.400000000000000000e+01 4.927831065050619630e-01
1.500000000000000000e+01 7.135083129276507119e-01
1.600000000000000000e+01 8.681542098187700063e-01
1.700000000000000000e+01 1.229973879791723679e+00
1.800000000000000000e+01 1.731065881582429133e+00
1.900000000000000000e+01 1.671104928086509567e+00
2.000000000000000000e+01 1.283416714058699393e+00
2.100000000000000000e+01 1.588426995129766484e+00
2.200000000000000000e+01 1.497352400272646378e+00
2.300000000000000000e+01 1.322191739074086048e+00
2.400000000000000000e+01 1.121851103309914555e+00
2.500000000000000000e+01 9.105038431053811276e-01
2.600000000000000000e+01 7.213224909513026306e-01
2.700000000000000000e+01 5.746264434075629701e-01
2.800000000000000000e+01 4.579351610084133606e-01
2.900000000000000000e+01 3.570390619208005933e-01
3.000000000000000000e+01 2.882986483161192326e-01
3.100000000000000000e+01 2.291330437785206453e-01
3.200000000000000000e+01 1.844156165025296612e-01
3.300000000000000000e+01 1.565361694209417565e-01
3.400000000000000000e+01 1.303294266757832887e-01
3.500000000000000000e+01 1.075361278954464483e-01
3.600000000000000000e+01 8.923474333969022565e-02
3.700000000000000000e+01 7.336044187661461269e-02
3.800000000000000000e+01 5.903894484731059267e-02
3.900000000000000000e+01 4.783199898929743621e-02
4.000000000000000000e+01 4.033940589939771781e-02
4.100000000000000000e+01 3.511234593317725389e-02
4.200000000000000000e+01 3.091065655345462057e-02
4.300000000000000000e+01 2.733621341112262709e-02
4.400000000000000000e+01 2.345745062572413345e-02
4.500000000000000000e+01 1.968074221582520600e-02
4.600000000000000000e+01 1.664587767461844781e-02
4.700000000000000000e+01 1.453966644842955187e-02
4.800000000000000000e+01 1.313073873028421275e-02
4.900000000000000000e+01 1.202036050078500624e-02
5.000000000000000000e+01 1.077978512178071405e-02
5.100000000000000000e+01 9.551685297908096492e-03
5.200000000000000000e+01 8.240258097780608568e-03
5.300000000000000000e+01 7.142465457334389728e-03
5.400000000000000000e+01 6.288282491653806282e-03
5.500000000000000000e+01 5.546636265415342236e-03
5.600000000000000000e+01 4.931477796794974701e-03
5.700000000000000000e+01 4.352373711568068015e-03
5.800000000000000000e+01 3.804709927280116276e-03
5.900000000000000000e+01 3.294255830469962603e-03
6.000000000000000000e+01 2.826040607450859728e-03
6.100000000000000000e+01 2.404871708836406503e-03
6.200000000000000000e+01 2.040940703013993576e-03
6.300000000000000000e+01 1.720700647105117675e-03
6.400000000000000000e+01 1.446194018582094886e-03
6.500000000000000000e+01 1.213985817359993597e-03
6.600000000000000000e+01 1.024992370074701530e-03
6.700000000000000000e+01 8.766239834835200858e-04
6.800000000000000000e+01 7.625350486991019916e-04
6.900000000000000000e+01 6.743733842246242604e-04
7.000000000000000000e+01 6.092438803936981373e-04
7.100000000000000000e+01 5.660459412554819146e-04
7.200000000000000000e+01 5.389773734797167169e-04
7.300000000000000000e+01 5.259046306650522976e-04
7.400000000000000000e+01 5.079495823736939180e-04
7.500000000000000000e+01 4.934512833588532025e-04
7.600000000000000000e+01 4.790115357739011003e-04
7.700000000000000000e+01 4.670664931550987651e-04
7.800000000000000000e+01 4.480860816220974736e-04
7.900000000000000000e+01 4.330738875104962662e-04
8.000000000000000000e+01 4.174398938107078193e-04
8.100000000000000000e+01 4.022037636226889648e-04
8.200000000000000000e+01 3.883299569806027553e-04
8.300000000000000000e+01 3.771199569024351978e-04
8.400000000000000000e+01 3.668053061868959287e-04
8.500000000000000000e+01 3.574817523856810351e-04
8.600000000000000000e+01 3.495668277636410450e-04
8.700000000000000000e+01 3.408244608741031376e-04
8.800000000000000000e+01 3.328830710344756285e-04
8.900000000000000000e+01 3.221419903436159972e-04
9.000000000000000000e+01 3.120088292054877597e-04
9.100000000000000000e+01 2.996122752619417027e-04
9.200000000000000000e+01 2.874863140062727438e-04
9.300000000000000000e+01 2.734129627014607084e-04
9.400000000000000000e+01 2.582776544636698431e-04
9.500000000000000000e+01 2.426569074261286792e-04
9.600000000000000000e+01 2.289282482986521072e-04
9.700000000000000000e+01 2.151346582044224068e-04
9.800000000000000000e+01 2.028472930957387916e-04
9.900000000000000000e+01 1.908886072167344738e-04
1.000000000000000000e+02 1.807170227034436423e-04
1.010000000000000000e+02 1.707746907132955344e-04
1.020000000000000000e+02 1.625723203786761859e-04
1.030000000000000000e+02 1.545805407929159287e-04
1.040000000000000000e+02 1.486353937510814793e-04
1.050000000000000000e+02 1.426084611828979287e-04
1.060000000000000000e+02 1.378338400623566929e-04
1.070000000000000000e+02 1.322428407885302144e-04
1.080000000000000000e+02 1.277890047236673724e-04
1.090000000000000000e+02 1.231645291717541198e-04
1.100000000000000000e+02 1.200521463456419394e-04
1.110000000000000000e+02 1.169082699038050073e-04
1.120000000000000000e+02 1.138591546935196943e-04
1.130000000000000000e+02 1.110901614459031909e-04
1.140000000000000000e+02 1.086365499752910385e-04
1.150000000000000000e+02 1.067002512174646418e-04
1.160000000000000000e+02 1.052404932301713615e-04
1.170000000000000000e+02 1.042037736698493954e-04
1.180000000000000000e+02 1.036147107827483201e-04
1.190000000000000000e+02 1.032311698283963966e-04
1.200000000000000000e+02 1.032622132732041525e-04
1.210000000000000000e+02 1.035998944926963116e-04
1.220000000000000000e+02 1.037734149650131814e-04
1.230000000000000000e+02 1.037473577771701351e-04
1.240000000000000000e+02 1.036401246546100159e-04
1.250000000000000000e+02 1.032228667697738432e-04
1.260000000000000000e+02 1.033866801656452305e-04
1.270000000000000000e+02 1.034649011306357929e-04
1.280000000000000000e+02 1.037651803220076988e-04
1.290000000000000000e+02 1.036298801291300108e-04
1.300000000000000000e+02 1.037897142127227549e-04
1.310000000000000000e+02 1.030298578129545316e-04
1.320000000000000000e+02 1.018734920472498604e-04
1.330000000000000000e+02 1.008358196895176294e-04
1.340000000000000000e+02 9.925240027874902089e-05
1.350000000000000000e+02 9.766708727821750218e-05
1.360000000000000000e+02 9.523968787571426213e-05
1.370000000000000000e+02 9.275258826435020499e-05
1.380000000000000000e+02 8.977857172758345501e-05
1.390000000000000000e+02 8.703358894900428949e-05
1.400000000000000000e+02 8.421795005886473316e-05
1.410000000000000000e+02 8.186518825718066726e-05
1.420000000000000000e+02 7.931616757576474483e-05
1.430000000000000000e+02 7.740139145230907100e-05
1.440000000000000000e+02 7.560606637761458054e-05
1.450000000000000000e+02 7.440609486402613166e-05
1.460000000000000000e+02 7.314481324900057497e-05
1.470000000000000000e+02 7.240956011227969507e-05
1.480000000000000000e+02 7.156419423514910443e-05
1.490000000000000000e+02 7.119544212003788496e-05
1.500000000000000000e+02 7.058410409883446562e-05
1.510000000000000000e+02 7.026751024693596748e-05
1.520000000000000000e+02 6.955236441998397683e-05
1.530000000000000000e+02 6.908211966389087065e-05
1.540000000000000000e+02 6.822430200110489906e-05
1.550000000000000000e+02 6.735181226180557217e-05
1.560000000000000000e+02 6.625860933701106629e-05
1.570000000000000000e+02 6.533689417834437753e-05
1.580000000000000000e+02 6.430333779391348434e-05
1.590000000000000000e+02 6.336829298670853714e-05
1.600000000000000000e+02 6.233153145915798282e-05
1.610000000000000000e+02 6.127820947934141686e-05
1.620000000000000000e+02 5.993752434202898928e-05
1.630000000000000000e+02 5.874470903293188692e-05
1.640000000000000000e+02 5.754235938453718395e-05
1.650000000000000000e+02 5.649488385502866075e-05
1.660000000000000000e+02 5.546254482756669357e-05
1.670000000000000000e+02 5.460762454683054662e-05
1.680000000000000000e+02 5.368350758497000754e-05
1.690000000000000000e+02 5.271939197543827415e-05
1.700000000000000000e+02 5.188061806120274018e-05
1.710000000000000000e+02 5.094985812158201485e-05
1.720000000000000000e+02 5.002801562595721635e-05
1.730000000000000000e+02 4.911767857291676710e-05
1.740000000000000000e+02 4.803765405951773568e-05
1.750000000000000000e+02 4.694492624372194957e-05
1.760000000000000000e+02 4.593780347158818943e-05
1.770000000000000000e+02 4.521442286585799581e-05
1.780000000000000000e+02 4.463577448542189622e-05
1.790000000000000000e+02 4.417568273863194274e-05
1.800000000000000000e+02 4.388276093581223563e-05
1.810000000000000000e+02 4.371058898667923238e-05
1.820000000000000000e+02 4.318053407433105511e-05
1.830000000000000000e+02 4.287521111388060074e-05
1.840000000000000000e+02 4.254205739265320480e-05
1.850000000000000000e+02 4.214632023320547156e-05
1.860000000000000000e+02 4.162332985045971500e-05
1.870000000000000000e+02 4.095862859766875261e-05
1.880000000000000000e+02 4.030926709907177230e-05
1.890000000000000000e+02 3.978228245912846721e-05
1.900000000000000000e+02 3.903587678411686232e-05
1.910000000000000000e+02 3.849183062045898447e-05
1.920000000000000000e+02 3.795119531172008108e-05
1.930000000000000000e+02 3.731345159667578536e-05
1.940000000000000000e+02 3.675399133657699448e-05
1.950000000000000000e+02 3.624784861803465594e-05
1.960000000000000000e+02 3.568485092085069398e-05
1.970000000000000000e+02 3.505214926111953930e-05
1.980000000000000000e+02 3.443552177674634641e-05
1.990000000000000000e+02 3.382386946158395206e-05
2.000000000000000000e+02 3.320878097906990493e-05
2.010000000000000000e+02 3.259857176234413738e-05
2.020000000000000000e+02 3.202456101252262822e-05
2.030000000000000000e+02 3.154487936055995636e-05
2.040000000000000000e+02 3.107153186703558325e-05
2.050000000000000000e+02 3.054881649601106752e-05
2.060000000000000000e+02 3.005593086129445800e-05
2.070000000000000000e+02 2.950329829938724138e-05
2.080000000000000000e+02 2.906449006646584388e-05
2.090000000000000000e+02 2.868630433304212766e-05
2.100000000000000000e+02 2.830809922391524822e-05
2.110000000000000000e+02 2.795016721777584200e-05
2.120000000000000000e+02 2.753187745838545924e-05
2.130000000000000000e+02 2.733020288564017719e-05
2.140000000000000000e+02 2.708131525483213774e-05
2.150000000000000000e+02 2.705207726593400857e-05
2.160000000000000000e+02 2.698069787056117032e-05
2.170000000000000000e+02 2.715086574560913622e-05
2.180000000000000000e+02 2.721296790315109405e-05
2.190000000000000000e+02 2.736394930143311831e-05
2.200000000000000000e+02 2.730730872508097936e-05
2.210000000000000000e+02 2.736585362381922657e-05
2.220000000000000000e+02 2.728341464013203307e-05
2.230000000000000000e+02 2.751694942811700581e-05
2.240000000000000000e+02 2.771446143101809930e-05
2.250000000000000000e+02 2.785957889025166484e-05
2.260000000000000000e+02 2.776901400727046959e-05
2.270000000000000000e+02 2.784330402186164507e-05
2.280000000000000000e+02 2.774666143522828618e-05
2.290000000000000000e+02 2.771930964958086517e-05
2.300000000000000000e+02 2.749832696216255492e-05
2.310000000000000000e+02 2.728077382580266027e-05
2.320000000000000000e+02 2.707537745237750389e-05
2.330000000000000000e+02 2.695970867569273129e-05
2.340000000000000000e+02 2.670068321422966229e-05
2.350000000000000000e+02 2.650466647763785811e-05
2.360000000000000000e+02 2.617628402767526163e-05
2.370000000000000000e+02 2.594122749948298478e-05
2.380000000000000000e+02 2.568927718822270326e-05
2.390000000000000000e+02 2.551983008525906819e-05
2.400000000000000000e+02 2.518352031027606470e-05
2.410000000000000000e+02 2.491684984668619474e-05
2.420000000000000000e+02 2.454035665261767549e-05
2.430000000000000000e+02 2.427888140269135236e-05
2.440000000000000000e+02 2.397807979943355732e-05
2.450000000000000000e+02 2.379882850244566315e-05
2.460000000000000000e+02 2.353344534874817449e-05
2.470000000000000000e+02 2.341819407583931425e-05
2.480000000000000000e+02 2.323272402411972497e-05
2.490000000000000000e+02 2.307704832990439207e-05
2.500000000000000000e+02 2.279725615281884412e-05
2.510000000000000000e+02 2.253433381302609806e-05
2.520000000000000000e+02 2.227309986656270387e-05
2.530000000000000000e+02 2.216180338421177998e-05
2.540000000000000000e+02 2.177165834969811340e-05
2.550000000000000000e+02 2.144035766089043819e-05
2.560000000000000000e+02 2.110141534587468452e-05
2.570000000000000000e+02 2.083112219406188693e-05
2.580000000000000000e+02 2.064652768841889938e-05
2.590000000000000000e+02 2.060568731099721257e-05
2.600000000000000000e+02 2.057551425895165807e-05
2.610000000000000000e+02 2.065719777538356644e-05
2.620000000000000000e+02 2.073744560700328715e-05
2.630000000000000000e+02 2.086194164768502698e-05
2.640000000000000000e+02 2.095082769435473326e-05
2.650000000000000000e+02 2.108808278508546676e-05
2.660000000000000000e+02 2.114975810665286991e-05
2.670000000000000000e+02 2.134601126224006760e-05
2.680000000000000000e+02 2.151772085776999826e-05
2.690000000000000000e+02 2.172310358173521844e-05
2.700000000000000000e+02 2.176184535710409511e-05
2.710000000000000000e+02 2.198255239606301833e-05
2.720000000000000000e+02 2.207036392094522529e-05
2.730000000000000000e+02 2.222389453558791723e-05
2.740000000000000000e+02 2.232341007434082692e-05
2.750000000000000000e+02 2.243585634015219171e-05
2.760000000000000000e+02 2.235610745788921643e-05
2.770000000000000000e+02 2.240940833628514249e-05
2.780000000000000000e+02 2.219982551468617255e-05
2.790000000000000000e+02 2.210240290346797000e-05
2.800000000000000000e+02 2.182308006187678656e-05
2.810000000000000000e+02 2.175432566861858707e-05
2.820000000000000000e+02 2.164662215137894388e-05
2.830000000000000000e+02 2.166054408752460977e-05
2.840000000000000000e+02 2.137317583677381859e-05
2.850000000000000000e+02 2.102405246506291406e-05
2.860000000000000000e+02 2.056109771871182017e-05
2.870000000000000000e+02 2.036058773903595912e-05
2.880000000000000000e+02 2.012746778968966347e-05
2.890000000000000000e+02 1.998855782878853119e-05
2.900000000000000000e+02 1.979810781570809868e-05
2.910000000000000000e+02 1.974056605681508630e-05
2.920000000000000000e+02 1.954778422056220477e-05
2.930000000000000000e+02 1.949853028435183199e-05
2.940000000000000000e+02 1.939644829664333611e-05
2.950000000000000000e+02 1.937388236661828059e-05
2.960000000000000000e+02 1.937572205869204627e-05
2.970000000000000000e+02 1.957004010503989180e-05
2.980000000000000000e+02 1.986186262859590283e-05
2.990000000000000000e+02 2.022146521780470395e-05
3.000000000000000000e+02 2.028612575325454545e-05
3.010000000000000000e+02 2.039841192850936949e-05
3.020000000000000000e+02 2.049275722634782409e-05
3.030000000000000000e+02 2.070347735593466547e-05
3.040000000000000000e+02 2.093701632949127644e-05
3.050000000000000000e+02 2.120718699828824834e-05
3.060000000000000000e+02 2.164860556886965678e-05
3.070000000000000000e+02 2.188109590346184438e-05
3.080000000000000000e+02 2.210901159094288097e-05
3.090000000000000000e+02 2.217189228265879937e-05
3.100000000000000000e+02 2.235699735842684821e-05
3.110000000000000000e+02 2.233873356411770231e-05
3.120000000000000000e+02 2.249000560123249373e-05
3.130000000000000000e+02 2.242542728552078066e-05
3.140000000000000000e+02 2.235071212996943556e-05
3.150000000000000000e+02 2.203304651703116051e-05
3.160000000000000000e+02 2.187916245503165400e-05
3.170000000000000000e+02 2.161916202942093794e-05
3.180000000000000000e+02 2.140307814742341286e-05
3.190000000000000000e+02 2.104613359020272384e-05
3.200000000000000000e+02 2.073975264525481133e-05
3.210000000000000000e+02 2.018119154011339253e-05
3.220000000000000000e+02 1.979087847930176573e-05
3.230000000000000000e+02 1.922436448260346251e-05
3.240000000000000000e+02 1.873163074055756247e-05
3.250000000000000000e+02 1.813035633754509068e-05
3.260000000000000000e+02 1.779154954594171798e-05
3.270000000000000000e+02 1.743316717702735923e-05
3.280000000000000000e+02 1.720585257199619194e-05
3.290000000000000000e+02 1.669493437059481192e-05
3.300000000000000000e+02 1.626008613577737102e-05
3.310000000000000000e+02 1.578238961059331532e-05
3.320000000000000000e+02 1.551076159936021594e-05
3.330000000000000000e+02 1.524323947809118084e-05
3.340000000000000000e+02 1.511185314367947126e-05
3.350000000000000000e+02 1.500074117194305235e-05
3.360000000000000000e+02 1.500063585009547864e-05
3.370000000000000000e+02 1.495859721123122429e-05
3.380000000000000000e+02 1.493778758805117076e-05
3.390000000000000000e+02 1.488181753615816609e-05
3.400000000000000000e+02 1.495277139237939262e-05
3.410000000000000000e+02 1.511143234246195278e-05
3.420000000000000000e+02 1.548558107508309190e-05
3.430000000000000000e+02 1.572266731556015343e-05
3.440000000000000000e+02 1.583316245525854426e-05
3.450000000000000000e+02 1.588067362565504000e-05
3.460000000000000000e+02 1.618036296595790229e-05
3.470000000000000000e+02 1.634575498828289719e-05
3.480000000000000000e+02 1.665266729536366203e-05
3.490000000000000000e+02 1.691066457608985407e-05
3.500000000000000000e+02 1.723983734414572739e-05
3.510000000000000000e+02 1.737858037348247991e-05
3.520000000000000000e+02 1.762338512512967380e-05
3.530000000000000000e+02 1.773704170058314474e-05
3.540000000000000000e+02 1.804139943376084282e-05
3.550000000000000000e+02 1.819894557784482896e-05
3.560000000000000000e+02 1.850591583791802859e-05
3.570000000000000000e+02 1.876573147460517475e-05
3.580000000000000000e+02 1.877937057511279580e-05
3.590000000000000000e+02 1.870017440962459779e-05
3.600000000000000000e+02 1.845348167842841342e-05
3.610000000000000000e+02 1.830226909575403328e-05
3.620000000000000000e+02 1.804581665750343980e-05
3.630000000000000000e+02 1.794772916077759067e-05
3.640000000000000000e+02 1.771651440129584887e-05
3.650000000000000000e+02 1.764023073522677984e-05
3.660000000000000000e+02 1.730093793713803217e-05
3.670000000000000000e+02 1.703999253744065094e-05
3.680000000000000000e+02 1.657650463311101616e-05
3.690000000000000000e+02 1.629499289158830376e-05
3.700000000000000000e+02 1.594507000673508299e-05
3.710000000000000000e+02 1.591439095549743445e-05
3.720000000000000000e+02 1.578953772782773027e-05
3.730000000000000000e+02 1.560530663734043498e-05
3.740000000000000000e+02 1.532490851244010135e-05
3.750000000000000000e+02 1.522364348907530962e-05
3.760000000000000000e+02 1.511614303662909290e-05
3.770000000000000000e+02 1.515997142784937872e-05
3.780000000000000000e+02 1.524060730768002237e-05
3.790000000000000000e+02 1.544829855430604530e-05
3.800000000000000000e+02 1.572716589839997459e-05
3.810000000000000000e+02 1.603911282621618402e-05
3.820000000000000000e+02 1.618935675926531519e-05
3.830000000000000000e+02 1.640147653305272431e-05
3.840000000000000000e+02 1.657649271221826965e-05
3.850000000000000000e+02 1.696059942662362643e-05
3.860000000000000000e+02 1.732512521612831992e-05
3.870000000000000000e+02 1.778502333353386942e-05
3.880000000000000000e+02 1.796363248951676872e-05
3.890000000000000000e+02 1.819086112356509409e-05
3.900000000000000000e+02 1.825141885659616812e-05
3.910000000000000000e+02 1.841065603027910977e-05
3.920000000000000000e+02 1.854658810084245055e-05
3.930000000000000000e+02 1.869966714556565412e-05
3.940000000000000000e+02 1.884362824151895310e-05
3.950000000000000000e+02 1.890688278184190786e-05
3.960000000000000000e+02 1.880890336616089492e-05
3.970000000000000000e+02 1.863112265011381498e-05
3.980000000000000000e+02 1.851599490811012529e-05
3.990000000000000000e+02 1.842540549690017097e-05
4.000000000000000000e+02 1.834519435484644403e-05
4.010000000000000000e+02 1.828103562832329642e-05
4.020000000000000000e+02 1.813657116960457066e-05
4.030000000000000000e+02 1.768450993664412820e-05
4.040000000000000000e+02 1.722152605979916624e-05
4.050000000000000000e+02 1.684644120233576506e-05
4.060000000000000000e+02 1.636598177399711823e-05
4.070000000000000000e+02 1.601976638762299068e-05
4.080000000000000000e+02 1.558183600306620398e-05
4.090000000000000000e+02 1.537425178872622015e-05
4.100000000000000000e+02 1.505100985714061853e-05
4.110000000000000000e+02 1.480558056363403050e-05
4.120000000000000000e+02 1.434007644206250682e-05
4.130000000000000000e+02 1.406136287447819876e-05
4.140000000000000000e+02 1.374452797259044772e-05
4.150000000000000000e+02 1.373699766232145422e-05
4.160000000000000000e+02 1.372289309134626704e-05
4.170000000000000000e+02 1.369657594340238634e-05
4.180000000000000000e+02 1.334144765053357456e-05
4.190000000000000000e+02 1.315784218736508166e-05
4.200000000000000000e+02 1.300181599729846146e-05
4.210000000000000000e+02 1.302554889774323317e-05
4.220000000000000000e+02 1.304609690609825489e-05
4.230000000000000000e+02 1.320642931413254173e-05
4.240000000000000000e+02 1.331962934518540573e-05
4.250000000000000000e+02 1.358240063444156436e-05
4.260000000000000000e+02 1.368739010880467847e-05
4.270000000000000000e+02 1.397330440368204839e-05
4.280000000000000000e+02 1.414562130235619950e-05
4.290000000000000000e+02 1.442645533058413364e-05
4.300000000000000000e+02 1.479582089237420205e-05
4.310000000000000000e+02 1.520325496913396949e-05
4.320000000000000000e+02 1.544948951329866427e-05
4.330000000000000000e+02 1.551813157524777365e-05
4.340000000000000000e+02 1.563287202247348233e-05
4.350000000000000000e+02 1.578701308739859628e-05
4.360000000000000000e+02 1.609866335100990209e-05
4.370000000000000000e+02 1.638255171438108312e-05
4.380000000000000000e+02 1.664446432280173999e-05
4.390000000000000000e+02 1.698296488804834056e-05
4.400000000000000000e+02 1.709840150204784063e-05
4.410000000000000000e+02 1.709613826305274737e-05
4.420000000000000000e+02 1.706696659416704758e-05
4.430000000000000000e+02 1.696589077234374930e-05
4.440000000000000000e+02 1.692893334933148844e-05
4.450000000000000000e+02 1.692784849507561484e-05
4.460000000000000000e+02 1.687256437479723903e-05
4.470000000000000000e+02 1.659667046520863922e-05
4.480000000000000000e+02 1.623866410328777602e-05
4.490000000000000000e+02 1.584897703382710842e-05
4.500000000000000000e+02 1.551087210337295552e-05
4.510000000000000000e+02 1.508184301498927237e-05
4.520000000000000000e+02 1.481271126581895228e-05
4.530000000000000000e+02 1.443775034324648578e-05
4.540000000000000000e+02 1.421609397226504919e-05
4.550000000000000000e+02 1.390312525977401803e-05
4.560000000000000000e+02 1.367482572253412357e-05
4.570000000000000000e+02 1.340940350623191477e-05
4.580000000000000000e+02 1.334685212161169450e-05
4.590000000000000000e+02 1.342444520952952831e-05
4.600000000000000000e+02 1.369277210267934692e-05
4.610000000000000000e+02 1.382608933795305546e-05
4.620000000000000000e+02 1.385257072795828347e-05
4.630000000000000000e+02 1.392833428940438824e-05
4.640000000000000000e+02 1.411650877336619164e-05
4.650000000000000000e+02 1.432930122486287793e-05
4.660000000000000000e+02 1.471695675970990788e-05
4.670000000000000000e+02 1.508592945602750059e-05
4.680000000000000000e+02 1.552638685520139010e-05
4.690000000000000000e+02 1.589823607789810141e-05
4.700000000000000000e+02 1.634165861805924507e-05
4.710000000000000000e+02 1.657986077784588414e-05
4.720000000000000000e+02 1.682473455543551737e-05
4.730000000000000000e+02 1.703701118508929243e-05
4.740000000000000000e+02 1.739631076605651836e-05
4.750000000000000000e+02 1.767947018658770443e-05
4.760000000000000000e+02 1.779980911368866378e-05
4.770000000000000000e+02 1.776844526556260371e-05
4.780000000000000000e+02 1.762905589067140087e-05
4.790000000000000000e+02 1.750762597860134500e-05
4.800000000000000000e+02 1.740633962047846079e-05
4.810000000000000000e+02 1.738290170966052243e-05
4.820000000000000000e+02 1.734530813116105626e-05
4.830000000000000000e+02 1.721076317015898517e-05
4.840000000000000000e+02 1.702866584543690954e-05
4.850000000000000000e+02 1.670711631262658794e-05
4.860000000000000000e+02 1.623297880889281724e-05
4.870000000000000000e+02 1.580346433198626978e-05
4.880000000000000000e+02 1.546599302278245020e-05
4.890000000000000000e+02 1.526286728681843641e-05
4.900000000000000000e+02 1.495542157524372358e-05
4.910000000000000000e+02 1.444330977944217858e-05
4.920000000000000000e+02 1.393311291883075818e-05
4.930000000000000000e+02 1.346398335785027862e-05
4.940000000000000000e+02 1.306097122925243329e-05
4.950000000000000000e+02 1.281023084835992618e-05
4.960000000000000000e+02 1.255221277147969988e-05
4.970000000000000000e+02 1.239275820858593862e-05
4.980000000000000000e+02 1.228551940506412328e-05
4.990000000000000000e+02 1.217397548837886413e-05
5.000000000000000000e+02 1.203705829559045516e-05
5.010000000000000000e+02 1.182108308495152911e-05
5.020000000000000000e+02 1.175630311846369980e-05
5.030000000000000000e+02 1.193507465610042576e-05
5.040000000000000000e+02 1.227291767123007034e-05
5.050000000000000000e+02 1.242335786784178143e-05
5.060000000000000000e+02 1.251097604950620297e-05
5.070000000000000000e+02 1.255392464452904431e-05
5.080000000000000000e+02 1.269207265807874158e-05
5.090000000000000000e+02 1.296890438781666721e-05
5.100000000000000000e+02 1.329325433735608176e-05
5.110000000000000000e+02 1.372568967175486226e-05
5.120000000000000000e+02 1.399692518497650835e-05
5.130000000000000000e+02 1.433683061039114920e-05
5.140000000000000000e+02 1.455000664375145300e-05
5.150000000000000000e+02 1.469883737313865731e-05
5.160000000000000000e+02 1.485051588898269669e-05
5.170000000000000000e+02 1.512630846857944606e-05
5.180000000000000000e+02 1.554023462993848120e-05
5.190000000000000000e+02 1.593973414373259955e-05
5.200000000000000000e+02 1.604746895173049626e-05
5.210000000000000000e+02 1.616749391668027350e-05
5.220000000000000000e+02 1.616557850208907230e-05
5.230000000000000000e+02 1.611170277042947528e-05
5.240000000000000000e+02 1.605148548750020001e-05
5.250000000000000000e+02 1.592328470702581437e-05
5.260000000000000000e+02 1.582562664977924590e-05
5.270000000000000000e+02 1.573910579168773331e-05
5.280000000000000000e+02 1.561015680901070351e-05
5.290000000000000000e+02 1.540881944322573352e-05
5.300000000000000000e+02 1.506204601926393475e-05
5.310000000000000000e+02 1.468529269458557653e-05
5.320000000000000000e+02 1.432798661595342549e-05
5.330000000000000000e+02 1.426638989025719718e-05
5.340000000000000000e+02 1.405077784712061835e-05
5.350000000000000000e+02 1.364256152935161962e-05
5.360000000000000000e+02 1.312859312437476974e-05
5.370000000000000000e+02 1.279259230366848757e-05
5.380000000000000000e+02 1.250667051873547536e-05
5.390000000000000000e+02 1.242085643731498890e-05
5.400000000000000000e+02 1.244524221882423031e-05
5.410000000000000000e+02 1.253182519398734420e-05
5.420000000000000000e+02 1.263488304957423642e-05
5.430000000000000000e+02 1.277875584573497321e-05
5.440000000000000000e+02 1.293875959233475977e-05
5.450000000000000000e+02 1.312031263012195141e-05
5.460000000000000000e+02 1.332061576785412019e-05
5.470000000000000000e+02 1.370132528291871187e-05
5.480000000000000000e+02 1.425587117061466427e-05
5.490000000000000000e+02 1.474503762450393756e-05
5.500000000000000000e+02 1.494036260189542680e-05
5.510000000000000000e+02 1.527522781140730349e-05
5.520000000000000000e+02 1.555048243423389040e-05
5.530000000000000000e+02 1.584478800400244242e-05
5.540000000000000000e+02 1.607980372348431463e-05
5.550000000000000000e+02 1.639553058447990426e-05
5.560000000000000000e+02 1.664024666833838355e-05
5.570000000000000000e+02 1.683493415669379048e-05
5.580000000000000000e+02 1.699037070745330888e-05
5.590000000000000000e+02 1.700724127006878202e-05
5.600000000000000000e+02 1.687207026878147592e-05
5.610000000000000000e+02 1.683292727763131819e-05
5.620000000000000000e+02 1.689322971199586700e-05
5.630000000000000000e+02 1.703877910397039009e-05
5.640000000000000000e+02 1.691962133017784118e-05
5.650000000000000000e+02 1.658340896168264769e-05
5.660000000000000000e+02 1.629808772941045240e-05
5.670000000000000000e+02 1.595099742880567807e-05
5.680000000000000000e+02 1.554151126887831725e-05
5.690000000000000000e+02 1.516866618750595351e-05
5.700000000000000000e+02 1.481816404681359979e-05
5.710000000000000000e+02 1.450761888368823610e-05
5.720000000000000000e+02 1.415021291399314973e-05
5.730000000000000000e+02 1.380255620979232273e-05
5.740000000000000000e+02 1.337307988840527712e-05
5.750000000000000000e+02 1.291446735342366833e-05
5.760000000000000000e+02 1.259712212933245299e-05
5.770000000000000000e+02 1.260092905939533863e-05
5.780000000000000000e+02 1.250031862006416590e-05
5.790000000000000000e+02 1.215862398077486246e-05
5.800000000000000000e+02 1.171616697973508179e-05
5.810000000000000000e+02 1.144893943110873465e-05
5.820000000000000000e+02 1.120633957402543762e-05
5.830000000000000000e+02 1.108971861009711598e-05
5.840000000000000000e+02 1.111765499394241392e-05
5.850000000000000000e+02 1.123915421406971000e-05
5.860000000000000000e+02 1.132586676415693444e-05
5.870000000000000000e+02 1.145758450308741254e-05
5.880000000000000000e+02 1.156066143100945678e-05
5.890000000000000000e+02 1.173045552079423418e-05
5.900000000000000000e+02 1.182752511412967999e-05
5.910000000000000000e+02 1.227428281902674420e-05
5.920000000000000000e+02 1.284621373129140207e-05
5.930000000000000000e+02 1.324323596894010210e-05
5.940000000000000000e+02 1.335983385887207651e-05
5.950000000000000000e+02 1.354131090506185746e-05
5.960000000000000000e+02 1.370947494618996000e-05
5.970000000000000000e+02 1.387271159721606688e-05
5.980000000000000000e+02 1.410310545718490424e-05
5.990000000000000000e+02 1.442072386785220252e-05
6.000000000000000000e+02 1.485955310382908922e-05
6.010000000000000000e+02 1.518662527926381297e-05
6.020000000000000000e+02 1.535667045075674774e-05
6.030000000000000000e+02 1.553600506802443198e-05
6.040000000000000000e+02 1.557208705262378258e-05
6.050000000000000000e+02 1.561237204836923018e-05
6.060000000000000000e+02 1.578443364588508335e-05
6.070000000000000000e+02 1.588549311152552115e-05
6.080000000000000000e+02 1.571030496852277982e-05
6.090000000000000000e+02 1.541718688161055375e-05
6.100000000000000000e+02 1.513473486653256283e-05
6.110000000000000000e+02 1.488181815367136643e-05
6.120000000000000000e+02 1.458190811848182210e-05
6.130000000000000000e+02 1.428871121584617131e-05
6.140000000000000000e+02 1.391757027548300382e-05
6.150000000000000000e+02 1.366135916293827371e-05
6.160000000000000000e+02 1.336979385596289322e-05
6.170000000000000000e+02 1.302306804952574860e-05
6.180000000000000000e+02 1.264010036425003857e-05
6.190000000000000000e+02 1.222141226844052196e-05
6.200000000000000000e+02 1.201707869384680870e-05
6.210000000000000000e+02 1.213390158575925844e-05
6.220000000000000000e+02 1.230683564175912328e-05
6.230000000000000000e+02 1.216065571189918503e-05
6.240000000000000000e+02 1.202493204641145583e-05
6.250000000000000000e+02 1.199937082347462515e-05
6.260000000000000000e+02 1.207899877903049807e-05
6.270000000000000000e+02 1.231873312461680662e-05
6.280000000000000000e+02 1.266565433573123991e-05
6.290000000000000000e+02 1.306635991832414980e-05
6.300000000000000000e+02 1.353953691532513095e-05
6.310000000000000000e+02 1.389185931420682547e-05
6.320000000000000000e+02 1.423822671542812002e-05
6.330000000000000000e+02 1.455582085904776927e-05
6.340000000000000000e+02 1.495853942945026387e-05
6.350000000000000000e+02 1.535075963723656409e-05
6.360000000000000000e+02 1.588671674899168082e-05
6.370000000000000000e+02 1.616111782579224423e-05
6.380000000000000000e+02 1.627408844891728182e-05
6.390000000000000000e+02 1.631806219503587340e-05
6.400000000000000000e+02 1.644455163341262814e-05
6.410000000000000000e+02 1.649442897673982322e-05
6.420000000000000000e+02 1.645953108314761573e-05
6.430000000000000000e+02 1.647483071869787643e-05
6.440000000000000000e+02 1.648281671221582360e-05
6.450000000000000000e+02 1.649286599373257919e-05
6.460000000000000000e+02 1.642280385520379933e-05
6.470000000000000000e+02 1.615786900676040555e-05
6.480000000000000000e+02 1.587101879361389650e-05
6.490000000000000000e+02 1.556154632782946127e-05
6.500000000000000000e+02 1.535157084144160328e-05
6.510000000000000000e+02 1.519781377322627329e-05
6.520000000000000000e+02 1.477134105647502475e-05
6.530000000000000000e+02 1.421341813752602036e-05
6.540000000000000000e+02 1.364741278503797427e-05
6.550000000000000000e+02 1.317874079423940887e-05
6.560000000000000000e+02 1.279438388598332112e-05
6.570000000000000000e+02 1.239653931739623103e-05
6.580000000000000000e+02 1.217321315451691185e-05
6.590000000000000000e+02 1.187299775246932314e-05
6.600000000000000000e+02 1.168445611417907499e-05
6.610000000000000000e+02 1.140692001018575301e-05
6.620000000000000000e+02 1.108783175351404423e-05
6.630000000000000000e+02 1.088819620111804535e-05
6.640000000000000000e+02 1.079343928325033906e-05
6.650000000000000000e+02 1.096873275438584355e-05
6.660000000000000000e+02 1.120987537219299142e-05
6.670000000000000000e+02 1.110713871487263914e-05
6.680000000000000000e+02 1.094327676903936143e-05
6.690000000000000000e+02 1.091834192677481320e-05
6.700000000000000000e+02 1.097424189048791387e-05
6.710000000000000000e+02 1.122538349655358980e-05
6.720000000000000000e+02 1.147474741252018247e-05
6.730000000000000000e+02 1.193663595209490513e-05
6.740000000000000000e+02 1.234450973948070814e-05
6.750000000000000000e+02 1.271501156801658221e-05
6.760000000000000000e+02 1.293522954434728591e-05
6.770000000000000000e+02 1.314283653344147108e-05
6.780000000000000000e+02 1.334790944807114156e-05
6.790000000000000000e+02 1.367694495001164678e-05
6.800000000000000000e+02 1.418248548055042827e-05
6.810000000000000000e+02 1.451665807529987839e-05
6.820000000000000000e+02 1.470515952191841099e-05
6.830000000000000000e+02 1.483916110866866062e-05
6.840000000000000000e+02 1.491749566404687507e-05
6.850000000000000000e+02 1.511409659527206390e-05
6.860000000000000000e+02 1.523660246563585566e-05
6.870000000000000000e+02 1.532698007792867719e-05
6.880000000000000000e+02 1.539061227107521972e-05
6.890000000000000000e+02 1.533566393515155507e-05
6.900000000000000000e+02 1.522093986112611886e-05
6.910000000000000000e+02 1.500979062101587384e-05
6.920000000000000000e+02 1.470504466718230876e-05
6.930000000000000000e+02 1.445151134647810765e-05
6.940000000000000000e+02 1.434326355303771053e-05
6.950000000000000000e+02 1.429290821493409727e-05
6.960000000000000000e+02 1.394387370899779670e-05
6.970000000000000000e+02 1.345038049500833743e-05
6.980000000000000000e+02 1.295779480335293718e-05
6.990000000000000000e+02 1.251366567092258778e-05
7.000000000000000000e+02 1.216201328262575352e-05
7.010000000000000000e+02 1.190316121619421422e-05
7.020000000000000000e+02 1.177716001984955329e-05
7.030000000000000000e+02 1.170323353785997733e-05
7.040000000000000000e+02 1.169173927334083067e-05
7.050000000000000000e+02 1.167854237361609063e-05
7.060000000000000000e+02 1.163271489806982100e-05
7.070000000000000000e+02 1.164601694765895916e-05
7.080000000000000000e+02 1.188071947905369814e-05
7.090000000000000000e+02 1.238718453523550828e-05
7.100000000000000000e+02 1.285965935209159203e-05
7.110000000000000000e+02 1.305262698589699448e-05
7.120000000000000000e+02 1.328409260846550461e-05
7.130000000000000000e+02 1.354996616404000319e-05
7.140000000000000000e+02 1.379945821922102301e-05
7.150000000000000000e+02 1.421889755499831870e-05
7.160000000000000000e+02 1.461615491046155253e-05
7.170000000000000000e+02 1.506900386911780916e-05
7.180000000000000000e+02 1.541629713489154038e-05
7.190000000000000000e+02 1.576148335652755665e-05
7.200000000000000000e+02 1.590778249702291214e-05
7.210000000000000000e+02 1.593382952089270513e-05
7.220000000000000000e+02 1.604300570399032171e-05
7.230000000000000000e+02 1.626094031539681911e-05
7.240000000000000000e+02 1.647350241163866906e-05
7.250000000000000000e+02 1.653986984519468164e-05
7.260000000000000000e+02 1.634001025701936453e-05
7.270000000000000000e+02 1.614690748079225063e-05
7.280000000000000000e+02 1.597665659618112990e-05
7.290000000000000000e+02 1.575262725067604592e-05
7.300000000000000000e+02 1.558267819284764238e-05
7.310000000000000000e+02 1.537445070545315177e-05
7.320000000000000000e+02 1.506396728742068794e-05
7.330000000000000000e+02 1.472410595055725024e-05
7.340000000000000000e+02 1.436340842410221109e-05
7.350000000000000000e+02 1.394670122554973319e-05
7.360000000000000000e+02 1.339732422979352349e-05
7.370000000000000000e+02 1.290467064386394460e-05
7.380000000000000000e+02 1.269727402799545205e-05
7.390000000000000000e+02 1.261926676379209043e-05
7.400000000000000000e+02 1.226342168980418873e-05
7.410000000000000000e+02 1.183495706007921861e-05
7.420000000000000000e+02 1.141036303853801756e-05
7.430000000000000000e+02 1.101232505263717824e-05
7.440000000000000000e+02 1.075394387296473196e-05
7.450000000000000000e+02 1.062398876663668710e-05
7.460000000000000000e+02 1.063687659825804667e-05
7.470000000000000000e+02 1.064729653133272038e-05
7.480000000000000000e+02 1.067793532436050198e-05
7.490000000000000000e+02 1.064805682439630028e-05
7.500000000000000000e+02 1.056598794247274838e-05
7.510000000000000000e+02 1.057595569916584859e-05
7.520000000000000000e+02 1.079288087571240702e-05
7.530000000000000000e+02 1.137495804193320509e-05
7.540000000000000000e+02 1.180670140201547336e-05
7.550000000000000000e+02 1.197026430554597117e-05
7.560000000000000000e+02 1.216255603652124078e-05
7.570000000000000000e+02 1.235213486051944434e-05
7.580000000000000000e+02 1.257085487073589987e-05
7.590000000000000000e+02 1.286566811778169683e-05
7.600000000000000000e+02 1.316923967855828639e-05
7.610000000000000000e+02 1.348086006893203816e-05
7.620000000000000000e+02 1.380830028858618130e-05
7.630000000000000000e+02 1.411178250829470204e-05
7.640000000000000000e+02 1.444892059950474919e-05
7.650000000000000000e+02 1.464220757333257268e-05
7.660000000000000000e+02 1.473256527931217667e-05
7.670000000000000000e+02 1.506095135940679069e-05
7.680000000000000000e+02 1.544283326899415808e-05
7.690000000000000000e+02 1.556520537426486707e-05
7.700000000000000000e+02 1.542623946997498884e-05
7.710000000000000000e+02 1.518070454011676872e-05
7.720000000000000000e+02 1.494212316469544138e-05
7.730000000000000000e+02 1.473515078613332210e-05
7.740000000000000000e+02 1.454072743927267904e-05
7.750000000000000000e+02 1.440484583575080160e-05
7.760000000000000000e+02 1.421693943703888305e-05
7.770000000000000000e+02 1.394281476321045637e-05
7.780000000000000000e+02 1.359049625797908371e-05
7.790000000000000000e+02 1.317369274337668763e-05
7.800000000000000000e+02 1.272946476198957781e-05
7.810000000000000000e+02 1.229249135055996565e-05
7.820000000000000000e+02 1.215568510537281986e-05
7.830000000000000000e+02 1.215115468053711264e-05
7.840000000000000000e+02 1.191612029528276391e-05
7.850000000000000000e+02 1.158190794277850314e-05
7.860000000000000000e+02 1.135745912134072445e-05
7.870000000000000000e+02 1.124529861884518853e-05
7.880000000000000000e+02 1.121964642356801316e-05
7.890000000000000000e+02 1.139238305861206403e-05
7.900000000000000000e+02 1.169541319554033458e-05
7.910000000000000000e+02 1.206565904751559885e-05
7.920000000000000000e+02 1.239463164943086853e-05
7.930000000000000000e+02 1.267219277188301545e-05
7.940000000000000000e+02 1.298294383233271920e-05
7.950000000000000000e+02 1.322777996369311781e-05
7.960000000000000000e+02 1.363857957414850772e-05
7.970000000000000000e+02 1.431105817651324266e-05
7.980000000000000000e+02 1.494405145280616558e-05
7.990000000000000000e+02 1.514835144692193008e-05
8.000000000000000000e+02 1.534307631005567499e-05
8.010000000000000000e+02 1.548857408241488101e-05
8.020000000000000000e+02 1.563778444556071021e-05
8.030000000000000000e+02 1.573230123687660706e-05
8.040000000000000000e+02 1.596032338414063247e-05
8.050000000000000000e+02 1.610673404120858230e-05
8.060000000000000000e+02 1.618117174510043404e-05
8.070000000000000000e+02 1.622335207844115634e-05
8.080000000000000000e+02 1.614093584325033086e-05
8.090000000000000000e+02 1.600501901205367394e-05
8.100000000000000000e+02 1.582304517400642954e-05
8.110000000000000000e+02 1.567309015831715285e-05
8.120000000000000000e+02 1.574602849763277260e-05
8.130000000000000000e+02 1.558992554816481180e-05
8.140000000000000000e+02 1.513294155294914483e-05
8.150000000000000000e+02 1.458877790670921061e-05
8.160000000000000000e+02 1.404391802405805359e-05
8.170000000000000000e+02 1.358353891079568873e-05
8.180000000000000000e+02 1.316059292466707148e-05
8.190000000000000000e+02 1.277138050082296643e-05
8.200000000000000000e+02 1.253732532376708984e-05
8.210000000000000000e+02 1.218902919925570933e-05
8.220000000000000000e+02 1.187062621966976572e-05
8.230000000000000000e+02 1.149786716893724024e-05
8.240000000000000000e+02 1.113767678696484291e-05
8.250000000000000000e+02 1.080175269897757746e-05
8.260000000000000000e+02 1.082112537988867339e-05
8.270000000000000000e+02 1.092663807548560978e-05
8.280000000000000000e+02 1.077313065386243238e-05
8.290000000000000000e+02 1.052412280712957063e-05
8.300000000000000000e+02 1.036903286009023393e-05
8.310000000000000000e+02 1.026273642660661515e-05
8.320000000000000000e+02 1.023313383303279937e-05
8.330000000000000000e+02 1.035472747764268686e-05
8.340000000000000000e+02 1.064428737628916078e-05
8.350000000000000000e+02 1.095611041984069186e-05
8.360000000000000000e+02 1.137680024581916896e-05
8.370000000000000000e+02 1.164706752939434730e-05
8.380000000000000000e+02 1.191018751625450031e-05
8.390000000000000000e+02 1.206148563860776842e-05
8.400000000000000000e+02 1.237088098929715099e-05
8.410000000000000000e+02 1.298726665971150811e-05
8.420000000000000000e+02 1.348025254192890379e-05
8.430000000000000000e+02 1.360973634842312476e-05
8.440000000000000000e+02 1.370205474897345370e-05
8.450000000000000000e+02 1.382005815660888400e-05
8.460000000000000000e+02 1.408007358958630085e-05
8.470000000000000000e+02 1.435733880841851889e-05
8.480000000000000000e+02 1.458410658570451913e-05
8.490000000000000000e+02 1.488375507022476568e-05
8.500000000000000000e+02 1.505269056669303619e-05
8.510000000000000000e+02 1.510958084603356571e-05
8.520000000000000000e+02 1.509341407000222324e-05
8.530000000000000000e+02 1.493139944697879971e-05
8.540000000000000000e+02 1.476331597387933877e-05
8.550000000000000000e+02 1.465172233650484558e-05
8.560000000000000000e+02 1.469758787866125149e-05
8.570000000000000000e+02 1.455344752258219675e-05
8.580000000000000000e+02 1.418300220982671205e-05
8.590000000000000000e+02 1.373259513832839252e-05
8.600000000000000000e+02 1.326835440831780982e-05
8.610000000000000000e+02 1.284484474619307664e-05
8.620000000000000000e+02 1.242039498532674342e-05
8.630000000000000000e+02 1.214927780066415750e-05
8.640000000000000000e+02 1.190665258288740594e-05
8.650000000000000000e+02 1.176464333842670329e-05
8.660000000000000000e+02 1.153709752136057838e-05
8.670000000000000000e+02 1.125574279175297966e-05
8.680000000000000000e+02 1.104520994369427045e-05
8.690000000000000000e+02 1.101762167364390040e-05
8.700000000000000000e+02 1.129099871997490537e-05
8.710000000000000000e+02 1.170917920698134422e-05
8.720000000000000000e+02 1.185929703593725344e-05
8.730000000000000000e+02 1.193450105756986149e-05
8.740000000000000000e+02 1.205294742606553423e-05
8.750000000000000000e+02 1.226477866271954154e-05
8.760000000000000000e+02 1.262042318814472845e-05
8.770000000000000000e+02 1.304858629764070043e-05
8.780000000000000000e+02 1.345969453041478052e-05
8.790000000000000000e+02 1.401036417909468676e-05
8.800000000000000000e+02 1.445329823794688842e-05
8.810000000000000000e+02 1.482755428192919661e-05
8.820000000000000000e+02 1.501465104520901446e-05
8.830000000000000000e+02 1.519657265348322141e-05
8.840000000000000000e+02 1.536527525126907970e-05
8.850000000000000000e+02 1.574557597091205325e-05
8.860000000000000000e+02 1.609376363764968961e-05
8.870000000000000000e+02 1.614452384360134295e-05
8.880000000000000000e+02 1.603729774753688436e-05
8.890000000000000000e+02 1.592208571848737647e-05
8.900000000000000000e+02 1.580584646780480712e-05
8.910000000000000000e+02 1.572799903466320700e-05
8.920000000000000000e+02 1.567994578492519340e-05
8.930000000000000000e+02 1.554797406589581219e-05
8.940000000000000000e+02 1.543803333023102128e-05
8.950000000000000000e+02 1.522453954142841472e-05
8.960000000000000000e+02 1.485501358189478708e-05
8.970000000000000000e+02 1.439031495038466341e-05
8.980000000000000000e+02 1.390790483976946564e-05
8.990000000000000000e+02 1.359685290739317126e-05
9.000000000000000000e+02 1.341847834581583085e-05
9.010000000000000000e+02 1.307369189924144613e-05
9.020000000000000000e+02 1.258683595450756936e-05
9.030000000000000000e+02 1.209520494702530859e-05
9.040000000000000000e+02 1.162154859470491725e-05
9.050000000000000000e+02 1.123404032619685077e-05
9.060000000000000000e+02 1.087486503190056601e-05
9.070000000000000000e+02 1.073610707496105167e-05
9.080000000000000000e+02 1.060594369207824642e-05
9.090000000000000000e+02 1.058002540998400123e-05
9.100000000000000000e+02 1.045376446302656732e-05
9.110000000000000000e+02 1.028326245383046449e-05
9.120000000000000000e+02 1.011324462350329066e-05
9.130000000000000000e+02 1.006741587749431429e-05
9.140000000000000000e+02 1.037732190119533456e-05
9.150000000000000000e+02 1.082313235852885057e-05
9.160000000000000000e+02 1.088726230442094698e-05
9.170000000000000000e+02 1.092364806247472721e-05
9.180000000000000000e+02 1.110200387823996153e-05
9.190000000000000000e+02 1.129983999622121412e-05
9.200000000000000000e+02 1.166653329640012449e-05
9.210000000000000000e+02 1.192383348171169899e-05
9.220000000000000000e+02 1.227282436756895926e-05
9.230000000000000000e+02 1.267479313860546133e-05
9.240000000000000000e+02 1.305452495839774149e-05
9.250000000000000000e+02 1.333362286586904474e-05
9.260000000000000000e+02 1.351269113594572409e-05
9.270000000000000000e+02 1.364158138529982732e-05
9.280000000000000000e+02 1.395123246226404363e-05
9.290000000000000000e+02 1.446255200930848019e-05
9.300000000000000000e+02 1.484380718721976608e-05
9.310000000000000000e+02 1.499634993589074522e-05
9.320000000000000000e+02 1.501559594383826453e-05
9.330000000000000000e+02 1.494414203180603093e-05
9.340000000000000000e+02 1.487031317482881273e-05
9.350000000000000000e+02 1.477451337528138062e-05
9.360000000000000000e+02 1.466404078279614706e-05
9.370000000000000000e+02 1.459364175469766967e-05
9.380000000000000000e+02 1.443888367872963696e-05
9.390000000000000000e+02 1.425417905268257183e-05
9.400000000000000000e+02 1.395549567345638931e-05
9.410000000000000000e+02 1.353761235265132060e-05
9.420000000000000000e+02 1.314417543456783301e-05
9.430000000000000000e+02 1.286546296639259344e-05
9.440000000000000000e+02 1.281294569110144957e-05
9.450000000000000000e+02 1.246621550897461570e-05
9.460000000000000000e+02 1.197992977605768620e-05
9.470000000000000000e+02 1.159591291633767738e-05
9.480000000000000000e+02 1.128349356441981705e-05
9.490000000000000000e+02 1.099718176916030582e-05
9.500000000000000000e+02 1.088638045130998949e-05
9.510000000000000000e+02 1.094362206883103899e-05
9.520000000000000000e+02 1.105998199517904074e-05
9.530000000000000000e+02 1.129096806154334713e-05
9.540000000000000000e+02 1.154034108414654583e-05
9.550000000000000000e+02 1.173772452489403385e-05
9.560000000000000000e+02 1.185930345932810505e-05
9.570000000000000000e+02 1.210515437594441626e-05
9.580000000000000000e+02 1.270793509684273696e-05
9.590000000000000000e+02 1.339176011581491991e-05
9.600000000000000000e+02 1.369215363816837884e-05
9.610000000000000000e+02 1.399719106343771855e-05
9.620000000000000000e+02 1.424481122000684150e-05
9.630000000000000000e+02 1.453807068817334123e-05
9.640000000000000000e+02 1.477018594446570411e-05
9.650000000000000000e+02 1.509072994195609635e-05
9.660000000000000000e+02 1.535168645749964125e-05
9.670000000000000000e+02 1.560051176933513768e-05
9.680000000000000000e+02 1.580390167755763530e-05
9.690000000000000000e+02 1.594053015964234227e-05
9.700000000000000000e+02 1.587605765908240885e-05
9.710000000000000000e+02 1.580764173218752064e-05
9.720000000000000000e+02 1.575737619580239626e-05
9.730000000000000000e+02 1.589570592986151205e-05
9.740000000000000000e+02 1.596740873881168196e-05
9.750000000000000000e+02 1.566047475344603106e-05
9.760000000000000000e+02 1.539613227952186267e-05
9.770000000000000000e+02 1.507759935987018084e-05
9.780000000000000000e+02 1.468264945658780749e-05
9.790000000000000000e+02 1.423720875351970016e-05
9.800000000000000000e+02 1.385306496353902513e-05
9.810000000000000000e+02 1.351906259013806627e-05
9.820000000000000000e+02 1.317578951919334110e-05
9.830000000000000000e+02 1.280661685071545257e-05
9.840000000000000000e+02 1.237679713427132901e-05
9.850000000000000000e+02 1.187804027433049003e-05
9.860000000000000000e+02 1.143231568420100382e-05
9.870000000000000000e+02 1.128417000090512830e-05
9.880000000000000000e+02 1.132952896136014913e-05
9.890000000000000000e+02 1.116340798132714760e-05
9.900000000000000000e+02 1.074894719558211482e-05
9.910000000000000000e+02 1.039725034338744085e-05
9.920000000000000000e+02 1.016832656475935479e-05
9.930000000000000000e+02 1.002251383573784243e-05
9.940000000000000000e+02 9.995105345525173596e-06
9.950000000000000000e+02 1.007057392101299214e-05
9.960000000000000000e+02 1.021134284953190098e-05
9.970000000000000000e+02 1.038799732782618201e-05
9.980000000000000000e+02 1.062014754604389798e-05
9.990000000000000000e+02 1.076400420853269119e-05
1.000000000000000000e+03 1.094300953039646958e-05
