1.000000000000000000e+00 4.107383813367460230e-03
2.000000000000000000e+00 1.000000000000000000e+00
3.000000000000000000e+00 1.178889120718991726e-02
4.000000000000000000e+00 3.943099723146586272e-02
5.000000000000000000e+00 1.552792265033664243e-01
6.000000000000000000e+00 8.833674046791334389e-03
7.000000000000000000e+00 7.246206986126174469e-03
8.000000000000000000e+00 6.371947944307289682e-03
9.000000000000000000e+00 6.289778508377877331e-03
1.000000000000000000e+01 6.092538827440392886e-03
1.100000000000000000e+01 6.290452732719048826e-03
1.200000000000000000e+01 6.655504578435073731e-03
1.300000000000000000e+01 6.964420035934193801e-03
1.400000000000000000e+01 7.536806577360577811e-03
1.500000000000000000e+01 9.044451775831807011e-03
1.600000000000000000e+01 9.642523436360359371e-03
1.700000000000000000e+01 1.084768714854772789e-02
1.800000000000000000e+01 1.247956973416574321e-02
1.900000000000000000e+01 1.283046999162549759e-02
2.000000000000000000e+01 1.019957628883745755e-02
2.100000000000000000e+01 8.782960598655723330e-03
2.200000000000000000e+01 1.258369602304771316e-02
2.300000000000000000e+01 8.211923698406928956e-03
2.400000000000000000e+01 6.616496116000748426e-03
2.500000000000000000e+01 5.681724724154225276e-03
2.600000000000000000e+01 4.691981948743393326e-03
2.700000000000000000e+01 3.971681909367390760e-03
2.800000000000000000e+01 3.265247645169264135e-03
2.900000000000000000e+01 2.980640404044650714e-03
3.000000000000000000e+01 2.907791391845653863e-03
3.100000000000000000e+01 2.266860467808459387e-03
3.200000000000000000e+01 2.034706567517277805e-03
3.300000000000000000e+01 1.854380488064399533e-03
3.400000000000000000e+01 1.662444408653033188e-03
3.500000000000000000e+01 1.463993535118500097e-03
3.600000000000000000e+01 1.277524959146140917e-03
3.700000000000000000e+01 1.116130237122237761e-03
3.800000000000000000e+01 1.041005737635317206e-03
3.900000000000000000e+01 1.034660357867371984e-03
4.000000000000000000e+01 1.135810299131722765e-03
4.100000000000000000e+01 1.195690248078275274e-03
4.200000000000000000e+01 1.220448591670193587e-03
4.300000000000000000e+01 1.170521169503884341e-03
4.400000000000000000e+01 1.048696250406148944e-03
4.500000000000000000e+01 9.302708619711040541e-04
4.600000000000000000e+01 8.668658466592238246e-04
4.700000000000000000e+01 8.577246146429993957e-04
4.800000000000000000e+01 8.518334987135029769e-04
4.900000000000000000e+01 8.165546300818796177e-04
5.000000000000000000e+01 7.634898531386410123e-04
5.100000000000000000e+01 7.129302518474852149e-04
5.200000000000000000e+01 6.683140421118846566e-04
5.300000000000000000e+01 6.231483355373571400e-04
5.400000000000000000e+01 5.768931900077596151e-04
5.500000000000000000e+01 5.244163648472716316e-04
5.600000000000000000e+01 4.802789487793900666e-04
5.700000000000000000e+01 4.342180690349202996e-04
5.800000000000000000e+01 3.922143270460735410e-04
5.900000000000000000e+01 3.598579901838462602e-04
6.000000000000000000e+01 3.346403492379425824e-04
6.100000000000000000e+01 3.150269244968010966e-04
6.200000000000000000e+01 2.976700553668926988e-04
6.300000000000000000e+01 2.818691778595312693e-04
6.400000000000000000e+01 2.656432324444625266e-04
6.500000000000000000e+01 2.554459597774809388e-04
6.600000000000000000e+01 2.536236428906338703e-04
6.700000000000000000e+01 2.582378350648184833e-04
6.800000000000000000e+01 2.659437625101931002e-04
6.900000000000000000e+01 2.767500917689735829e-04
7.000000000000000000e+01 2.904023295160921355e-04
7.100000000000000000e+01 3.068778904595715804e-04
7.200000000000000000e+01 3.251716012517664404e-04
7.300000000000000000e+01 3.414695709425415149e-04
7.400000000000000000e+01 3.464106412071473948e-04
7.500000000000000000e+01 3.449239094859759148e-04
7.600000000000000000e+01 3.382209656347022692e-04
7.700000000000000000e+01 3.282115735302883306e-04
7.800000000000000000e+01 3.155647488614651917e-04
7.900000000000000000e+01 3.076700095048025578e-04
8.000000000000000000e+01 2.996874076549334428e-04
8.100000000000000000e+01 2.913928054114200300e-04
8.200000000000000000e+01 2.826182230165253826e-04
8.300000000000000000e+01 2.750582859595832237e-04
8.400000000000000000e+01 2.677158768143702628e-04
8.500000000000000000e+01 2.598373516401073988e-04
8.600000000000000000e+01 2.521369813812378031e-04
8.700000000000000000e+01 2.430910843345189900e-04
8.800000000000000000e+01 2.344394120488497079e-04
8.900000000000000000e+01 2.237496986226328094e-04
9.000000000000000000e+01 2.129771416109113016e-04
9.100000000000000000e+01 2.010867043336580530e-04
9.200000000000000000e+01 1.894801729243778964e-04
9.300000000000000000e+01 1.772604591498991387e-04
9.400000000000000000e+01 1.660649120613353388e-04
9.500000000000000000e+01 1.551350327458513978e-04
9.600000000000000000e+01 1.455841633295463470e-04
9.700000000000000000e+01 1.366693230592633300e-04
9.800000000000000000e+01 1.291230070227927242e-04
9.900000000000000000e+01 1.217586012619000999e-04
1.000000000000000000e+02 1.155019533050772028e-04
1.010000000000000000e+02 1.092011715011818814e-04
1.020000000000000000e+02 1.038442301869321413e-04
1.030000000000000000e+02 9.852483558342917027e-05
1.040000000000000000e+02 9.398918751505294818e-05
1.050000000000000000e+02 8.939002105783070058e-05
1.060000000000000000e+02 8.547542588593399918e-05
1.070000000000000000e+02 8.148587922092081018e-05
1.080000000000000000e+02 7.832068301226478358e-05
1.090000000000000000e+02 7.532244308472629336e-05
1.100000000000000000e+02 7.315841478273451941e-05
1.110000000000000000e+02 7.137286748056502223e-05
1.120000000000000000e+02 6.996534791842966034e-05
1.130000000000000000e+02 6.895779052022055656e-05
1.140000000000000000e+02 6.833327077871827952e-05
1.150000000000000000e+02 6.806466597890657505e-05
1.160000000000000000e+02 6.804083223348028327e-05
1.170000000000000000e+02 6.824628984320295637e-05
1.180000000000000000e+02 6.867334236678701814e-05
1.190000000000000000e+02 6.916723574935865735e-05
1.200000000000000000e+02 6.973407788860778826e-05
1.210000000000000000e+02 7.023064576862105533e-05
1.220000000000000000e+02 7.061925205234714298e-05
1.230000000000000000e+02 7.088658442218627562e-05
1.240000000000000000e+02 7.097477662382952455e-05
1.250000000000000000e+02 7.071916572353122339e-05
1.260000000000000000e+02 7.043736468214952635e-05
1.270000000000000000e+02 6.995872225160355948e-05
1.280000000000000000e+02 6.928618502311858498e-05
1.290000000000000000e+02 6.820680371772711384e-05
1.300000000000000000e+02 6.712740589195788485e-05
1.310000000000000000e+02 6.578244314497919587e-05
1.320000000000000000e+02 6.419493348620303869e-05
1.330000000000000000e+02 6.270210419601776413e-05
1.340000000000000000e+02 6.098731358398033341e-05
1.350000000000000000e+02 5.937374991931753732e-05
1.360000000000000000e+02 5.750654511662101965e-05
1.370000000000000000e+02 5.575910759401725208e-05
1.380000000000000000e+02 5.388081241435609050e-05
1.390000000000000000e+02 5.215193062909269123e-05
1.400000000000000000e+02 5.037140721235779659e-05
1.410000000000000000e+02 4.886102092101694513e-05
1.420000000000000000e+02 4.734533898150887320e-05
1.430000000000000000e+02 4.607726001391095495e-05
1.440000000000000000e+02 4.476637767476494085e-05
1.450000000000000000e+02 4.377237018576342499e-05
1.460000000000000000e+02 4.270567333281646301e-05
1.470000000000000000e+02 4.183545807453465873e-05
1.480000000000000000e+02 4.079752001928117869e-05
1.490000000000000000e+02 3.992548561273711000e-05
1.500000000000000000e+02 3.893525523330164904e-05
1.510000000000000000e+02 3.804801876785345407e-05
1.520000000000000000e+02 3.704491557036698502e-05
1.530000000000000000e+02 3.615018682289473082e-05
1.540000000000000000e+02 3.521761490463956790e-05
1.550000000000000000e+02 3.438933788935576239e-05
1.560000000000000000e+02 3.360382063449311561e-05
1.570000000000000000e+02 3.292649597105606391e-05
1.580000000000000000e+02 3.233186734668219389e-05
1.590000000000000000e+02 3.181470807502077375e-05
1.600000000000000000e+02 3.136964899257177789e-05
1.610000000000000000e+02 3.099503687820149206e-05
1.620000000000000000e+02 3.069295042409060165e-05
1.630000000000000000e+02 3.040979882433825728e-05
1.640000000000000000e+02 3.017011469381470850e-05
1.650000000000000000e+02 2.992916477782284689e-05
1.660000000000000000e+02 2.975620292966509424e-05
1.670000000000000000e+02 2.954134784925377933e-05
1.680000000000000000e+02 2.931556087189918667e-05
1.690000000000000000e+02 2.903686313352521185e-05
1.700000000000000000e+02 2.872174340945959673e-05
1.710000000000000000e+02 2.841950019536675800e-05
1.720000000000000000e+02 2.803557391413897583e-05
1.730000000000000000e+02 2.761469054991172380e-05
1.740000000000000000e+02 2.723942626213402031e-05
1.750000000000000000e+02 2.686108647904147663e-05
1.760000000000000000e+02 2.644497251545445816e-05
1.770000000000000000e+02 2.604960505167597148e-05
1.780000000000000000e+02 2.568087201607928416e-05
1.790000000000000000e+02 2.527376077542832833e-05
1.800000000000000000e+02 2.489200207515976468e-05
1.810000000000000000e+02 2.450714752539120628e-05
1.820000000000000000e+02 2.402034736023825351e-05
1.830000000000000000e+02 2.356746082128789735e-05
1.840000000000000000e+02 2.312756252051877281e-05
1.850000000000000000e+02 2.269956213712931957e-05
1.860000000000000000e+02 2.226267669079102569e-05
1.870000000000000000e+02 2.182822099516246907e-05
1.880000000000000000e+02 2.137501199746622696e-05
1.890000000000000000e+02 2.093186500479859364e-05
1.900000000000000000e+02 2.052373424175055305e-05
1.910000000000000000e+02 2.010594895133074124e-05
1.920000000000000000e+02 1.969748164758942810e-05
1.930000000000000000e+02 1.930064978279047558e-05
1.940000000000000000e+02 1.893755319186433771e-05
1.950000000000000000e+02 1.856461533367734655e-05
1.960000000000000000e+02 1.817668082696764502e-05
1.970000000000000000e+02 1.779720054628017363e-05
1.980000000000000000e+02 1.740350066413131063e-05
1.990000000000000000e+02 1.700693081987780634e-05
2.000000000000000000e+02 1.663021722747300390e-05
2.010000000000000000e+02 1.625249118506739114e-05
2.020000000000000000e+02 1.590209674248996960e-05
2.030000000000000000e+02 1.559117758851941111e-05
2.040000000000000000e+02 1.525924508348485575e-05
2.050000000000000000e+02 1.493240474312044164e-05
2.060000000000000000e+02 1.458702081530363936e-05
2.070000000000000000e+02 1.420894660323448094e-05
2.080000000000000000e+02 1.394983032814112135e-05
2.090000000000000000e+02 1.366633688204751737e-05
2.100000000000000000e+02 1.333905820835475765e-05
2.110000000000000000e+02 1.310773865730635131e-05
2.120000000000000000e+02 1.279016887158458933e-05
2.130000000000000000e+02 1.261098866455660780e-05
2.140000000000000000e+02 1.234194390610073612e-05
2.150000000000000000e+02 1.220978792513460508e-05
2.160000000000000000e+02 1.198766994892638157e-05
2.170000000000000000e+02 1.189452701130815402e-05
2.180000000000000000e+02 1.169977410287061652e-05
2.190000000000000000e+02 1.162612749638311741e-05
2.200000000000000000e+02 1.146033124530511476e-05
2.210000000000000000e+02 1.141087254314794226e-05
2.220000000000000000e+02 1.129206398588111413e-05
2.230000000000000000e+02 1.129228486994052964e-05
2.240000000000000000e+02 1.118216082467189410e-05
2.250000000000000000e+02 1.112886386117607143e-05
2.260000000000000000e+02 1.099619184600988416e-05
2.270000000000000000e+02 1.095630298723011128e-05
2.280000000000000000e+02 1.083057180025506480e-05
2.290000000000000000e+02 1.077625740376903161e-05
2.300000000000000000e+02 1.065868361551955273e-05
2.310000000000000000e+02 1.063338713672467866e-05
2.320000000000000000e+02 1.054964470542689913e-05
2.330000000000000000e+02 1.053772991212453079e-05
2.340000000000000000e+02 1.046006799511440458e-05
2.350000000000000000e+02 1.042856874668879735e-05
2.360000000000000000e+02 1.034107881146140371e-05
2.370000000000000000e+02 1.032624444630542567e-05
2.380000000000000000e+02 1.026964090878840520e-05
2.390000000000000000e+02 1.022635114178004423e-05
2.400000000000000000e+02 1.010150583481650796e-05
2.410000000000000000e+02 1.001667122091756067e-05
2.420000000000000000e+02 9.895068286319484601e-06
2.430000000000000000e+02 9.827155270095501549e-06
2.440000000000000000e+02 9.723422632894066024e-06
2.450000000000000000e+02 9.659777842714203060e-06
2.460000000000000000e+02 9.556345996296376695e-06
2.470000000000000000e+02 9.486325466858381463e-06
2.480000000000000000e+02 9.373168388139572810e-06
2.490000000000000000e+02 9.282448287049961167e-06
2.500000000000000000e+02 9.168071226707657023e-06
2.510000000000000000e+02 9.083957635457351554e-06
2.520000000000000000e+02 8.994748509187522226e-06
2.530000000000000000e+02 8.939599594606158735e-06
2.540000000000000000e+02 8.811165338019528201e-06
2.550000000000000000e+02 8.700494631989146938e-06
2.560000000000000000e+02 8.575393503054835989e-06
2.570000000000000000e+02 8.505071125931793280e-06
2.580000000000000000e+02 8.428299613569341267e-06
2.590000000000000000e+02 8.418895892779380328e-06
2.600000000000000000e+02 8.394427625435153212e-06
2.610000000000000000e+02 8.426051654993433970e-06
2.620000000000000000e+02 8.420683015503287091e-06
2.630000000000000000e+02 8.469775643215162933e-06
2.640000000000000000e+02 8.461487969952260788e-06
2.650000000000000000e+02 8.537044972541188662e-06
2.660000000000000000e+02 8.569128462947377502e-06
2.670000000000000000e+02 8.692131579572459234e-06
2.680000000000000000e+02 8.754906248400332790e-06
2.690000000000000000e+02 8.843339677344106640e-06
2.700000000000000000e+02 8.831913481937121862e-06
2.710000000000000000e+02 8.880895820516653298e-06
2.720000000000000000e+02 8.861244808955597035e-06
2.730000000000000000e+02 8.887905660166137733e-06
2.740000000000000000e+02 8.853067011732065027e-06
2.750000000000000000e+02 8.872034870345762661e-06
2.760000000000000000e+02 8.803149657136925070e-06
2.770000000000000000e+02 8.809514764682900705e-06
2.780000000000000000e+02 8.738913351239258146e-06
2.790000000000000000e+02 8.747483307757360330e-06
2.800000000000000000e+02 8.674568557868793329e-06
2.810000000000000000e+02 8.677349020683678687e-06
2.820000000000000000e+02 8.613187884668930356e-06
2.830000000000000000e+02 8.618271554515479765e-06
2.840000000000000000e+02 8.525119520831078653e-06
2.850000000000000000e+02 8.483206033424364051e-06
2.860000000000000000e+02 8.378977259167222450e-06
2.870000000000000000e+02 8.362167376914380099e-06
2.880000000000000000e+02 8.270800223251535896e-06
2.890000000000000000e+02 8.249548532721696461e-06
2.900000000000000000e+02 8.169862585387865309e-06
2.910000000000000000e+02 8.177335466599531771e-06
2.920000000000000000e+02 8.118555434969377949e-06
2.930000000000000000e+02 8.134710491300384415e-06
2.940000000000000000e+02 8.097855534395350787e-06
2.950000000000000000e+02 8.141647477303775942e-06
2.960000000000000000e+02 8.146181739156689203e-06
2.970000000000000000e+02 8.241793421605137464e-06
2.980000000000000000e+02 8.293792645855690054e-06
2.990000000000000000e+02 8.381387583212984190e-06
3.000000000000000000e+02 8.374681984411392385e-06
3.010000000000000000e+02 8.432164612818545836e-06
3.020000000000000000e+02 8.447397371860209918e-06
3.030000000000000000e+02 8.468054699997191103e-06
3.040000000000000000e+02 8.537662195903694993e-06
3.050000000000000000e+02 8.529208746955650283e-06
3.060000000000000000e+02 8.580252479061182804e-06
3.070000000000000000e+02 8.546639765072540517e-06
3.080000000000000000e+02 8.565209056199719770e-06
3.090000000000000000e+02 8.504872282158843793e-06
3.100000000000000000e+02 8.504288417673518097e-06
3.110000000000000000e+02 8.434867904140161881e-06
3.120000000000000000e+02 8.425265136262313599e-06
3.130000000000000000e+02 8.353684949471836834e-06
3.140000000000000000e+02 8.307821470800945521e-06
3.150000000000000000e+02 8.196964765237243361e-06
3.160000000000000000e+02 8.147420781111643193e-06
3.170000000000000000e+02 8.046066039171405668e-06
3.180000000000000000e+02 7.981521463324005539e-06
3.190000000000000000e+02 7.862337753782775473e-06
3.200000000000000000e+02 7.781874198509499405e-06
3.210000000000000000e+02 7.644882574380052628e-06
3.220000000000000000e+02 7.543729397801129793e-06
3.230000000000000000e+02 7.377669887698722806e-06
3.240000000000000000e+02 7.254779654343906890e-06
3.250000000000000000e+02 7.092949603369592595e-06
3.260000000000000000e+02 7.017789176843857929e-06
3.270000000000000000e+02 6.908000380147137114e-06
3.280000000000000000e+02 6.849826982561329460e-06
3.290000000000000000e+02 6.680967100233913811e-06
3.300000000000000000e+02 6.577888595447242264e-06
3.310000000000000000e+02 6.418631062198359940e-06
3.320000000000000000e+02 6.342932008022697028e-06
3.330000000000000000e+02 6.223162339363112703e-06
3.340000000000000000e+02 6.161920829198650712e-06
3.350000000000000000e+02 6.070116525478462054e-06
3.360000000000000000e+02 6.023733040446424504e-06
3.370000000000000000e+02 5.924726545274228024e-06
3.380000000000000000e+02 5.869092153890310477e-06
3.390000000000000000e+02 5.784253063162069938e-06
3.400000000000000000e+02 5.779924629202623629e-06
3.410000000000000000e+02 5.763709438495710057e-06
3.420000000000000000e+02 5.841981027171567402e-06
3.430000000000000000e+02 5.817393184834165071e-06
3.440000000000000000e+02 5.831917730072286385e-06
3.450000000000000000e+02 5.795195587348029948e-06
3.460000000000000000e+02 5.851439597924821024e-06
3.470000000000000000e+02 5.858105124463163788e-06
3.480000000000000000e+02 5.959435144756079045e-06
3.490000000000000000e+02 6.002514783988273646e-06
3.500000000000000000e+02 6.112650607744968883e-06
3.510000000000000000e+02 6.156266696042782927e-06
3.520000000000000000e+02 6.262452212648747240e-06
3.530000000000000000e+02 6.278785047343977111e-06
3.540000000000000000e+02 6.376977826528102940e-06
3.550000000000000000e+02 6.396038984897576467e-06
3.560000000000000000e+02 6.495302652055072573e-06
3.570000000000000000e+02 6.513402979636453864e-06
3.580000000000000000e+02 6.500686571326605701e-06
3.590000000000000000e+02 6.471653282544436308e-06
3.600000000000000000e+02 6.383514338598706687e-06
3.610000000000000000e+02 6.376444675380875153e-06
3.620000000000000000e+02 6.309619555296318816e-06
3.630000000000000000e+02 6.335822827996549803e-06
3.640000000000000000e+02 6.239446531142677882e-06
3.650000000000000000e+02 6.234207490789529811e-06
3.660000000000000000e+02 6.102881002541590279e-06
3.670000000000000000e+02 6.058438042359886535e-06
3.680000000000000000e+02 5.900532943795306602e-06
3.690000000000000000e+02 5.882985450254600096e-06
3.700000000000000000e+02 5.769092822728626177e-06
3.710000000000000000e+02 5.800596866932375177e-06
3.720000000000000000e+02 5.685217052160732790e-06
3.730000000000000000e+02 5.598327344463810172e-06
3.740000000000000000e+02 5.421916599379405002e-06
3.750000000000000000e+02 5.358016184024917630e-06
3.760000000000000000e+02 5.214581334850353595e-06
3.770000000000000000e+02 5.169247190630603185e-06
3.780000000000000000e+02 5.074814475399881911e-06
3.790000000000000000e+02 5.078291887844858663e-06
3.800000000000000000e+02 5.009593953415219627e-06
3.810000000000000000e+02 5.015025886809807901e-06
3.820000000000000000e+02 4.932299421549794368e-06
3.830000000000000000e+02 4.936110648040555655e-06
3.840000000000000000e+02 4.902148123275460422e-06
3.850000000000000000e+02 4.984970835214328877e-06
3.860000000000000000e+02 5.030001230190182327e-06
3.870000000000000000e+02 5.105945203345611751e-06
3.880000000000000000e+02 5.052555669583769747e-06
3.890000000000000000e+02 5.079842683170822811e-06
3.900000000000000000e+02 5.088897177342152101e-06
3.910000000000000000e+02 5.181193970155705392e-06
3.920000000000000000e+02 5.236278880459676093e-06
3.930000000000000000e+02 5.334690180184863556e-06
3.940000000000000000e+02 5.382092753625090802e-06
3.950000000000000000e+02 5.410981874581784208e-06
3.960000000000000000e+02 5.458803558512285242e-06
3.970000000000000000e+02 5.480209838161959439e-06
3.980000000000000000e+02 5.529427674996116002e-06
3.990000000000000000e+02 5.599177305330972882e-06
4.000000000000000000e+02 5.648342797944537359e-06
4.010000000000000000e+02 5.711414346093448291e-06
4.020000000000000000e+02 5.706324500173242211e-06
4.030000000000000000e+02 5.651769092026974551e-06
4.040000000000000000e+02 5.602028080680663084e-06
4.050000000000000000e+02 5.580775336743098932e-06
4.060000000000000000e+02 5.502460249098389179e-06
4.070000000000000000e+02 5.467308439038019876e-06
4.080000000000000000e+02 5.359050149591007471e-06
4.090000000000000000e+02 5.353182393003556507e-06
4.100000000000000000e+02 5.240410876579885433e-06
4.110000000000000000e+02 5.216272435358176770e-06
4.120000000000000000e+02 5.056982654245450669e-06
4.130000000000000000e+02 5.042764576471137998e-06
4.140000000000000000e+02 4.923758979567840447e-06
4.150000000000000000e+02 4.937332749905660584e-06
4.160000000000000000e+02 4.853989484118860743e-06
4.170000000000000000e+02 4.808538545914144380e-06
4.180000000000000000e+02 4.631867676255955275e-06
4.190000000000000000e+02 4.585266016196069841e-06
4.200000000000000000e+02 4.487668180437812291e-06
4.210000000000000000e+02 4.477384646352341248e-06
4.220000000000000000e+02 4.420364845671568713e-06
4.230000000000000000e+02 4.462431499781463129e-06
4.240000000000000000e+02 4.437894431979381127e-06
4.250000000000000000e+02 4.517121485105973383e-06
4.260000000000000000e+02 4.495793625670071108e-06
4.270000000000000000e+02 4.583319977908539145e-06
4.280000000000000000e+02 4.587441933605941827e-06
4.290000000000000000e+02 4.694379278400460138e-06
4.300000000000000000e+02 4.845230050060055648e-06
4.310000000000000000e+02 4.943510936178414832e-06
4.320000000000000000e+02 5.006701313615672526e-06
4.330000000000000000e+02 5.049059349807470047e-06
4.340000000000000000e+02 5.123572694882719085e-06
4.350000000000000000e+02 5.199129253178340285e-06
4.360000000000000000e+02 5.285834628599973028e-06
4.370000000000000000e+02 5.357470627836228427e-06
4.380000000000000000e+02 5.413304518812412161e-06
4.390000000000000000e+02 5.452148868619445032e-06
4.400000000000000000e+02 5.466255493505343128e-06
4.410000000000000000e+02 5.448902198674170643e-06
4.420000000000000000e+02 5.427290330388297666e-06
4.430000000000000000e+02 5.410904369508226768e-06
4.440000000000000000e+02 5.429923637114437934e-06
4.450000000000000000e+02 5.481555104728230586e-06
4.460000000000000000e+02 5.464777875852469274e-06
4.470000000000000000e+02 5.369335903071372581e-06
4.480000000000000000e+02 5.279976183909768395e-06
4.490000000000000000e+02 5.190000073878042843e-06
4.500000000000000000e+02 5.134253727086901855e-06
4.510000000000000000e+02 5.019062072259654983e-06
4.520000000000000000e+02 5.009312681523404732e-06
4.530000000000000000e+02 4.906958541223224570e-06
4.540000000000000000e+02 4.875034622040091270e-06
4.550000000000000000e+02 4.747900280008603374e-06
4.560000000000000000e+02 4.677405913351655102e-06
4.570000000000000000e+02 4.550071230357324972e-06
4.580000000000000000e+02 4.519690545076548074e-06
4.590000000000000000e+02 4.469045382018370863e-06
4.600000000000000000e+02 4.508283235286347914e-06
4.610000000000000000e+02 4.428730358299409902e-06
4.620000000000000000e+02 4.370070239566465171e-06
4.630000000000000000e+02 4.295916402268413539e-06
4.640000000000000000e+02 4.291973799428779176e-06
4.650000000000000000e+02 4.256177478198252134e-06
4.660000000000000000e+02 4.304115764519802961e-06
4.670000000000000000e+02 4.302400868148814224e-06
4.680000000000000000e+02 4.369362347763105470e-06
4.690000000000000000e+02 4.352710964079748384e-06
4.700000000000000000e+02 4.396346845657820339e-06
4.710000000000000000e+02 4.365383420547758581e-06
4.720000000000000000e+02 4.435465944204187724e-06
4.730000000000000000e+02 4.489127086328747180e-06
4.740000000000000000e+02 4.637369690416241957e-06
4.750000000000000000e+02 4.738098446040689852e-06
4.760000000000000000e+02 4.751146331493437941e-06
4.770000000000000000e+02 4.734187414204393926e-06
4.780000000000000000e+02 4.761738314001447943e-06
4.790000000000000000e+02 4.810008092380071125e-06
4.800000000000000000e+02 4.875219409300287503e-06
4.810000000000000000e+02 4.949730055903085869e-06
4.820000000000000000e+02 5.006592616378424629e-06
4.830000000000000000e+02 5.039484970760299415e-06
4.840000000000000000e+02 5.056132686904764968e-06
4.850000000000000000e+02 5.049540221074726728e-06
4.860000000000000000e+02 5.027416167542573116e-06
4.870000000000000000e+02 5.007430447522159098e-06
4.880000000000000000e+02 5.004789664486157646e-06
4.890000000000000000e+02 5.010596033011991707e-06
4.900000000000000000e+02 4.947316968384777189e-06
4.910000000000000000e+02 4.837631280114130946e-06
4.920000000000000000e+02 4.732673934905202210e-06
4.930000000000000000e+02 4.643306598651962616e-06
4.940000000000000000e+02 4.553617525000378468e-06
4.950000000000000000e+02 4.506346984622184372e-06
4.960000000000000000e+02 4.413795664720534014e-06
4.970000000000000000e+02 4.360884224566556185e-06
4.980000000000000000e+02 4.295898603406626572e-06
4.990000000000000000e+02 4.185278147663623217e-06
5.000000000000000000e+02 4.108716662312329664e-06
5.010000000000000000e+02 4.005479619752560708e-06
5.020000000000000000e+02 3.966711390585206264e-06
5.030000000000000000e+02 3.961696902332750644e-06
5.040000000000000000e+02 4.004663782993274961e-06
5.050000000000000000e+02 3.942033552723675585e-06
5.060000000000000000e+02 3.894357162685849957e-06
5.070000000000000000e+02 3.848581820401947203e-06
5.080000000000000000e+02 3.880907705964811053e-06
5.090000000000000000e+02 3.938536220789377275e-06
5.100000000000000000e+02 3.979909884551500257e-06
5.110000000000000000e+02 4.107596047182062978e-06
5.120000000000000000e+02 4.171845730640626364e-06
5.130000000000000000e+02 4.277170336488025939e-06
5.140000000000000000e+02 4.354403857930642818e-06
5.150000000000000000e+02 4.444569997198679290e-06
5.160000000000000000e+02 4.545182076082727067e-06
5.170000000000000000e+02 4.678285529649604052e-06
5.180000000000000000e+02 4.819074625477160673e-06
5.190000000000000000e+02 4.940614836320412871e-06
5.200000000000000000e+02 4.952958027780117502e-06
5.210000000000000000e+02 4.950833766030615138e-06
5.220000000000000000e+02 4.956547725811930323e-06
5.230000000000000000e+02 4.958949416146933718e-06
5.240000000000000000e+02 4.962372305712548609e-06
5.250000000000000000e+02 4.960373678827086587e-06
5.260000000000000000e+02 4.974509501609568984e-06
5.270000000000000000e+02 4.993491628505893225e-06
5.280000000000000000e+02 4.976652849661019949e-06
5.290000000000000000e+02 4.922741414744063375e-06
5.300000000000000000e+02 4.858106421179354585e-06
5.310000000000000000e+02 4.809475756636261512e-06
5.320000000000000000e+02 4.738126201679458563e-06
5.330000000000000000e+02 4.766942932442390416e-06
5.340000000000000000e+02 4.685472090201766264e-06
5.350000000000000000e+02 4.591570234210590630e-06
5.360000000000000000e+02 4.441480927552556555e-06
5.370000000000000000e+02 4.359173054695339085e-06
5.380000000000000000e+02 4.238096120800591434e-06
5.390000000000000000e+02 4.180545144393774927e-06
5.400000000000000000e+02 4.090037559910213341e-06
5.410000000000000000e+02 4.044607778342982531e-06
5.420000000000000000e+02 3.968962597445850386e-06
5.430000000000000000e+02 3.932890818011492130e-06
5.440000000000000000e+02 3.860894409978947427e-06
5.450000000000000000e+02 3.831150453506773460e-06
5.460000000000000000e+02 3.792147506495381540e-06
5.470000000000000000e+02 3.865435088625819803e-06
5.480000000000000000e+02 3.941449715082243615e-06
5.490000000000000000e+02 3.977745419945441823e-06
5.500000000000000000e+02 3.914570486133926552e-06
5.510000000000000000e+02 3.934257016696528428e-06
5.520000000000000000e+02 3.923072174498970845e-06
5.530000000000000000e+02 3.994059871988869700e-06
5.540000000000000000e+02 4.048412890346508500e-06
5.550000000000000000e+02 4.162095139212243351e-06
5.560000000000000000e+02 4.243588321848315992e-06
5.570000000000000000e+02 4.335273061765314836e-06
5.580000000000000000e+02 4.389447877683989047e-06
5.590000000000000000e+02 4.403444831403943816e-06
5.600000000000000000e+02 4.442936925225693055e-06
5.610000000000000000e+02 4.527099145592803633e-06
5.620000000000000000e+02 4.652268230440756631e-06
5.630000000000000000e+02 4.774083678481342605e-06
5.640000000000000000e+02 4.780347144628231330e-06
5.650000000000000000e+02 4.756252846416898543e-06
5.660000000000000000e+02 4.751344394799213317e-06
5.670000000000000000e+02 4.756030033424848717e-06
5.680000000000000000e+02 4.758348673769526567e-06
5.690000000000000000e+02 4.748395686651485178e-06
5.700000000000000000e+02 4.724904390589125292e-06
5.710000000000000000e+02 4.676013118417844889e-06
5.720000000000000000e+02 4.600480315437779764e-06
5.730000000000000000e+02 4.523235326027978963e-06
5.740000000000000000e+02 4.423641086944904693e-06
5.750000000000000000e+02 4.348716057731418545e-06
5.760000000000000000e+02 4.267280338238731400e-06
5.770000000000000000e+02 4.297030077231659540e-06
5.780000000000000000e+02 4.192063859380805195e-06
5.790000000000000000e+02 4.080141562725638628e-06
5.800000000000000000e+02 3.893956355038884399e-06
5.810000000000000000e+02 3.804744226798372061e-06
5.820000000000000000e+02 3.691756172654586429e-06
5.830000000000000000e+02 3.642585955330275987e-06
5.840000000000000000e+02 3.584393065849085816e-06
5.850000000000000000e+02 3.558719454718860310e-06
5.860000000000000000e+02 3.523683692438790129e-06
5.870000000000000000e+02 3.514007481548340410e-06
5.880000000000000000e+02 3.476915696759250568e-06
5.890000000000000000e+02 3.511357186892288939e-06
5.900000000000000000e+02 3.526727265472589917e-06
5.910000000000000000e+02 3.686147541530571840e-06
5.920000000000000000e+02 3.811721710869742375e-06
5.930000000000000000e+02 3.889621000261963513e-06
5.940000000000000000e+02 3.912756305439423159e-06
5.950000000000000000e+02 3.972315405330838302e-06
5.960000000000000000e+02 4.057371064614834498e-06
5.970000000000000000e+02 4.171232627485509819e-06
5.980000000000000000e+02 4.294678713407660768e-06
5.990000000000000000e+02 4.409677049733263260e-06
6.000000000000000000e+02 4.532008669458190592e-06
6.010000000000000000e+02 4.611664441390356305e-06
6.020000000000000000e+02 4.660472972965792363e-06
6.030000000000000000e+02 4.688766175038937806e-06
6.040000000000000000e+02 4.713846438428594201e-06
6.050000000000000000e+02 4.749205121108754409e-06
6.060000000000000000e+02 4.819481098599490977e-06
6.070000000000000000e+02 4.849873283147785757e-06
6.080000000000000000e+02 4.803047345685609342e-06
6.090000000000000000e+02 4.762366159358732943e-06
6.100000000000000000e+02 4.727557206672192898e-06
6.110000000000000000e+02 4.677526862313790908e-06
6.120000000000000000e+02 4.631769986696120083e-06
6.130000000000000000e+02 4.597300811595648487e-06
6.140000000000000000e+02 4.510923002368602997e-06
6.150000000000000000e+02 4.459813148250763999e-06
6.160000000000000000e+02 4.387758764419457988e-06
6.170000000000000000e+02 4.303510594555481306e-06
6.180000000000000000e+02 4.223656219955821206e-06
6.190000000000000000e+02 4.105155373282325291e-06
6.200000000000000000e+02 4.081319086571314604e-06
6.210000000000000000e+02 4.064175815454626326e-06
6.220000000000000000e+02 4.000331849468091018e-06
6.230000000000000000e+02 3.835682990815859481e-06
6.240000000000000000e+02 3.726197420753752556e-06
6.250000000000000000e+02 3.628496578447378392e-06
6.260000000000000000e+02 3.597560366825512897e-06
6.270000000000000000e+02 3.565678427988038312e-06
6.280000000000000000e+02 3.572243670244464392e-06
6.290000000000000000e+02 3.569231180153891154e-06
6.300000000000000000e+02 3.604901531714444910e-06
6.310000000000000000e+02 3.590211450814227975e-06
6.320000000000000000e+02 3.617184331878905827e-06
6.330000000000000000e+02 3.599941599548757770e-06
6.340000000000000000e+02 3.659898250176020753e-06
6.350000000000000000e+02 3.750411100814042017e-06
6.360000000000000000e+02 3.925160941797668505e-06
6.370000000000000000e+02 3.956336761213030876e-06
6.380000000000000000e+02 3.992501746917395634e-06
6.390000000000000000e+02 4.027860081591306441e-06
6.400000000000000000e+02 4.096467508171974747e-06
6.410000000000000000e+02 4.124755672138572911e-06
6.420000000000000000e+02 4.196266501639433100e-06
6.430000000000000000e+02 4.282384623310013725e-06
6.440000000000000000e+02 4.377570284173958135e-06
6.450000000000000000e+02 4.459440448740816926e-06
6.460000000000000000e+02 4.502345544410840740e-06
6.470000000000000000e+02 4.517651916817278823e-06
6.480000000000000000e+02 4.533945012457701164e-06
6.490000000000000000e+02 4.573488177372635328e-06
6.500000000000000000e+02 4.652229959652443273e-06
6.510000000000000000e+02 4.684454861309907597e-06
6.520000000000000000e+02 4.609782086326599731e-06
6.530000000000000000e+02 4.507191775326963335e-06
6.540000000000000000e+02 4.409755588070019924e-06
6.550000000000000000e+02 4.337713590723985690e-06
6.560000000000000000e+02 4.288842742538085895e-06
6.570000000000000000e+02 4.191416888870193866e-06
6.580000000000000000e+02 4.153711200215982080e-06
6.590000000000000000e+02 4.038576543019706965e-06
6.600000000000000000e+02 3.976590279803650634e-06
6.610000000000000000e+02 3.882706591509189607e-06
6.620000000000000000e+02 3.744360217435729940e-06
6.630000000000000000e+02 3.666933428587736807e-06
6.640000000000000000e+02 3.602607729740476214e-06
6.650000000000000000e+02 3.632386123461996229e-06
6.660000000000000000e+02 3.578496605884878791e-06
6.670000000000000000e+02 3.448410747591938397e-06
6.680000000000000000e+02 3.335140008019463462e-06
6.690000000000000000e+02 3.288866157673720607e-06
6.700000000000000000e+02 3.261913606989224019e-06
6.710000000000000000e+02 3.319264100890084596e-06
6.720000000000000000e+02 3.341054123966408898e-06
6.730000000000000000e+02 3.450402309777106822e-06
6.740000000000000000e+02 3.502725723502925146e-06
6.750000000000000000e+02 3.606386944055102426e-06
6.760000000000000000e+02 3.678230151442593767e-06
6.770000000000000000e+02 3.761211977212104058e-06
6.780000000000000000e+02 3.869358762333778286e-06
6.790000000000000000e+02 4.051250606953248594e-06
6.800000000000000000e+02 4.246931429614956430e-06
6.810000000000000000e+02 4.329344354832962836e-06
6.820000000000000000e+02 4.380733158999252861e-06
6.830000000000000000e+02 4.422429462747228474e-06
6.840000000000000000e+02 4.468373721384331175e-06
6.850000000000000000e+02 4.518666474052559847e-06
6.860000000000000000e+02 4.569569081474913814e-06
6.870000000000000000e+02 4.602526581943590626e-06
6.880000000000000000e+02 4.618594654550260139e-06
6.890000000000000000e+02 4.617913730868375545e-06
6.900000000000000000e+02 4.609231589694321359e-06
6.910000000000000000e+02 4.598111209607671147e-06
6.920000000000000000e+02 4.580081181476442286e-06
6.930000000000000000e+02 4.557784951564678697e-06
6.940000000000000000e+02 4.587469901164139416e-06
6.950000000000000000e+02 4.575571063558811809e-06
6.960000000000000000e+02 4.463768962760745066e-06
6.970000000000000000e+02 4.337347020791517409e-06
6.980000000000000000e+02 4.238212839834617158e-06
6.990000000000000000e+02 4.158174245392184636e-06
7.000000000000000000e+02 4.095268793271355659e-06
7.010000000000000000e+02 4.004749722505775775e-06
7.020000000000000000e+02 3.949993970737835389e-06
7.030000000000000000e+02 3.857026908292421471e-06
7.040000000000000000e+02 3.765279552568067854e-06
7.050000000000000000e+02 3.671504304114920629e-06
7.060000000000000000e+02 3.555770988449872023e-06
7.070000000000000000e+02 3.491412406592709234e-06
7.080000000000000000e+02 3.483025391461692498e-06
7.090000000000000000e+02 3.567935849527343750e-06
7.100000000000000000e+02 3.548118443349162704e-06
7.110000000000000000e+02 3.483400744045556102e-06
7.120000000000000000e+02 3.420533143422753466e-06
7.130000000000000000e+02 3.422748679085886540e-06
7.140000000000000000e+02 3.422711969701355956e-06
7.150000000000000000e+02 3.490630010449001895e-06
7.160000000000000000e+02 3.513987748764726510e-06
7.170000000000000000e+02 3.611355497739107910e-06
7.180000000000000000e+02 3.672687014472788924e-06
7.190000000000000000e+02 3.763783049874187652e-06
7.200000000000000000e+02 3.823432810819235769e-06
7.210000000000000000e+02 3.881516283975058491e-06
7.220000000000000000e+02 3.960959973916245943e-06
7.230000000000000000e+02 4.083888082949065425e-06
7.240000000000000000e+02 4.211890543144718506e-06
7.250000000000000000e+02 4.260912433990089017e-06
7.260000000000000000e+02 4.279378991877104074e-06
7.270000000000000000e+02 4.320305616967304847e-06
7.280000000000000000e+02 4.359202841315938366e-06
7.290000000000000000e+02 4.409106319214322636e-06
7.300000000000000000e+02 4.442227554888059209e-06
7.310000000000000000e+02 4.486754373143803695e-06
7.320000000000000000e+02 4.505216821600814453e-06
7.330000000000000000e+02 4.499310894999876847e-06
7.340000000000000000e+02 4.463437527484517013e-06
7.350000000000000000e+02 4.392848541010135920e-06
7.360000000000000000e+02 4.299056681889913078e-06
7.370000000000000000e+02 4.248336088432213901e-06
7.380000000000000000e+02 4.258679972737286455e-06
7.390000000000000000e+02 4.221300967455798958e-06
7.400000000000000000e+02 4.081738006191506778e-06
7.410000000000000000e+02 3.946484315195639406e-06
7.420000000000000000e+02 3.828137217095179017e-06
7.430000000000000000e+02 3.723719312369371785e-06
7.440000000000000000e+02 3.656046838659798951e-06
7.450000000000000000e+02 3.557115606014965663e-06
7.460000000000000000e+02 3.507771905319381977e-06
7.470000000000000000e+02 3.434983119506805650e-06
7.480000000000000000e+02 3.365914925231221857e-06
7.490000000000000000e+02 3.283427850533727951e-06
7.500000000000000000e+02 3.203489798909047150e-06
7.510000000000000000e+02 3.183304773469750423e-06
7.520000000000000000e+02 3.225341584412255942e-06
7.530000000000000000e+02 3.378484502641542576e-06
7.540000000000000000e+02 3.397414621714271822e-06
7.550000000000000000e+02 3.379910103630535923e-06
7.560000000000000000e+02 3.396225159489787571e-06
7.570000000000000000e+02 3.466144250922814390e-06
7.580000000000000000e+02 3.566620404651556570e-06
7.590000000000000000e+02 3.677479322646552638e-06
7.600000000000000000e+02 3.799839049652698293e-06
7.610000000000000000e+02 3.939906764674198986e-06
7.620000000000000000e+02 4.069858773397611710e-06
7.630000000000000000e+02 4.170484318933820154e-06
7.640000000000000000e+02 4.268711529127344727e-06
7.650000000000000000e+02 4.329071176856664800e-06
7.660000000000000000e+02 4.396503552720189269e-06
7.670000000000000000e+02 4.513419866604026522e-06
7.680000000000000000e+02 4.623641410623856867e-06
7.690000000000000000e+02 4.612349286193615779e-06
7.700000000000000000e+02 4.557700448088600003e-06
7.710000000000000000e+02 4.516309837867378114e-06
7.720000000000000000e+02 4.501800009311295796e-06
7.730000000000000000e+02 4.511335228107463709e-06
7.740000000000000000e+02 4.516628398011953307e-06
7.750000000000000000e+02 4.492952584867559902e-06
7.760000000000000000e+02 4.462973846081374113e-06
7.770000000000000000e+02 4.407139590082774975e-06
7.780000000000000000e+02 4.329123856266104626e-06
7.790000000000000000e+02 4.234364683790202503e-06
7.800000000000000000e+02 4.167907380222973405e-06
7.810000000000000000e+02 4.097475033363208266e-06
7.820000000000000000e+02 4.118196048170497437e-06
7.830000000000000000e+02 4.067238232258177742e-06
7.840000000000000000e+02 3.944532238596503832e-06
7.850000000000000000e+02 3.780119828903260220e-06
7.860000000000000000e+02 3.663630419894428122e-06
7.870000000000000000e+02 3.549403354632817835e-06
7.880000000000000000e+02 3.484033243067369621e-06
7.890000000000000000e+02 3.430246874269080970e-06
7.900000000000000000e+02 3.417091336845567352e-06
7.910000000000000000e+02 3.392003318294449674e-06
7.920000000000000000e+02 3.377012742935755707e-06
7.930000000000000000e+02 3.337372679326493200e-06
7.940000000000000000e+02 3.328637807049768498e-06
7.950000000000000000e+02 3.309088202938306659e-06
7.960000000000000000e+02 3.408490433515070974e-06
7.970000000000000000e+02 3.529725041718345296e-06
7.980000000000000000e+02 3.593950500529685944e-06
7.990000000000000000e+02 3.553554805512353302e-06
8.000000000000000000e+02 3.600366181139012833e-06
8.010000000000000000e+02 3.635009519037450548e-06
8.020000000000000000e+02 3.733292194351668345e-06
8.030000000000000000e+02 3.809524064484997679e-06
8.040000000000000000e+02 3.916392555191230912e-06
8.050000000000000000e+02 3.968724398752617146e-06
8.060000000000000000e+02 4.050595339718369437e-06
8.070000000000000000e+02 4.122962127563003002e-06
8.080000000000000000e+02 4.185070559084162460e-06
8.090000000000000000e+02 4.246814807296392680e-06
8.100000000000000000e+02 4.295805734628209887e-06
8.110000000000000000e+02 4.397787670268878764e-06
8.120000000000000000e+02 4.505936780168233806e-06
8.130000000000000000e+02 4.510906396241750185e-06
8.140000000000000000e+02 4.463794669742024975e-06
8.150000000000000000e+02 4.417206354657456599e-06
8.160000000000000000e+02 4.375054739820863100e-06
8.170000000000000000e+02 4.327263750304744728e-06
8.180000000000000000e+02 4.280205042204443668e-06
8.190000000000000000e+02 4.205038578018401310e-06
8.200000000000000000e+02 4.174285366893005300e-06
8.210000000000000000e+02 4.063805247868741589e-06
8.220000000000000000e+02 3.973214159127838169e-06
8.230000000000000000e+02 3.857418604827756859e-06
8.240000000000000000e+02 3.773342122298546986e-06
8.250000000000000000e+02 3.678321762381586183e-06
8.260000000000000000e+02 3.712676337536103322e-06
8.270000000000000000e+02 3.642539814327226687e-06
8.280000000000000000e+02 3.510746647048349938e-06
8.290000000000000000e+02 3.352376113020791206e-06
8.300000000000000000e+02 3.240323099261332282e-06
8.310000000000000000e+02 3.159962018227953397e-06
8.320000000000000000e+02 3.116031523109268524e-06
8.330000000000000000e+02 3.103445091469169849e-06
8.340000000000000000e+02 3.132552414676302284e-06
8.350000000000000000e+02 3.154943602336984484e-06
8.360000000000000000e+02 3.222754751905208604e-06
8.370000000000000000e+02 3.227357125074783707e-06
8.380000000000000000e+02 3.287241313000393332e-06
8.390000000000000000e+02 3.363421000453496575e-06
8.400000000000000000e+02 3.526845417640698002e-06
8.410000000000000000e+02 3.735510428174518209e-06
8.420000000000000000e+02 3.845803674769004351e-06
8.430000000000000000e+02 3.896995801762230163e-06
8.440000000000000000e+02 3.968881594485870129e-06
8.450000000000000000e+02 4.050342877946275984e-06
8.460000000000000000e+02 4.163633978633062735e-06
8.470000000000000000e+02 4.256018893491502962e-06
8.480000000000000000e+02 4.337788130369719009e-06
8.490000000000000000e+02 4.409849224710679650e-06
8.500000000000000000e+02 4.461738600019709860e-06
8.510000000000000000e+02 4.473256787992937827e-06
8.520000000000000000e+02 4.458987043413145092e-06
8.530000000000000000e+02 4.434209677052006227e-06
8.540000000000000000e+02 4.451940650478762889e-06
8.550000000000000000e+02 4.510888069377090709e-06
8.560000000000000000e+02 4.585760884793193184e-06
8.570000000000000000e+02 4.517080545195522698e-06
8.580000000000000000e+02 4.418164832895748158e-06
8.590000000000000000e+02 4.322750562287824713e-06
8.600000000000000000e+02 4.236067469852776284e-06
8.610000000000000000e+02 4.175146769348854530e-06
8.620000000000000000e+02 4.091656757992700467e-06
8.630000000000000000e+02 4.058388584796181389e-06
8.640000000000000000e+02 3.973572208839136417e-06
8.650000000000000000e+02 3.917705360958484434e-06
8.660000000000000000e+02 3.796821965963028354e-06
8.670000000000000000e+02 3.688112728364828001e-06
8.680000000000000000e+02 3.560115580084384168e-06
8.690000000000000000e+02 3.503890906399191668e-06
8.700000000000000000e+02 3.522030282608367713e-06
8.710000000000000000e+02 3.519948379088261481e-06
8.720000000000000000e+02 3.403983101043699638e-06
8.730000000000000000e+02 3.313700173042187983e-06
8.740000000000000000e+02 3.237655013467209514e-06
8.750000000000000000e+02 3.230293520063400006e-06
8.760000000000000000e+02 3.225180953831839606e-06
8.770000000000000000e+02 3.267834503019545056e-06
8.780000000000000000e+02 3.296019690613496577e-06
8.790000000000000000e+02 3.373115659347421252e-06
8.800000000000000000e+02 3.386878781172316282e-06
8.810000000000000000e+02 3.447728904663116966e-06
8.820000000000000000e+02 3.472572016003171854e-06
8.830000000000000000e+02 3.559749410546306889e-06
8.840000000000000000e+02 3.681918481958100433e-06
8.850000000000000000e+02 3.869257490492986847e-06
8.860000000000000000e+02 3.950883515504363403e-06
8.870000000000000000e+02 3.939896825854573221e-06
8.880000000000000000e+02 3.967031492856422076e-06
8.890000000000000000e+02 4.009843576288214627e-06
8.900000000000000000e+02 4.090359019297496119e-06
8.910000000000000000e+02 4.179696534930200894e-06
8.920000000000000000e+02 4.245574326294497151e-06
8.930000000000000000e+02 4.302591891042764596e-06
8.940000000000000000e+02 4.350727343831318255e-06
8.950000000000000000e+02 4.378998545371691649e-06
8.960000000000000000e+02 4.372729824577745349e-06
8.970000000000000000e+02 4.347443806124003889e-06
8.980000000000000000e+02 4.327325737166137604e-06
8.990000000000000000e+02 4.343858437149510562e-06
9.000000000000000000e+02 4.336832999556518100e-06
9.010000000000000000e+02 4.240582860125187847e-06
9.020000000000000000e+02 4.107996232996358273e-06
9.030000000000000000e+02 3.987884082966008925e-06
9.040000000000000000e+02 3.879457645540761363e-06
9.050000000000000000e+02 3.814366758836731936e-06
9.060000000000000000e+02 3.709450077277999047e-06
9.070000000000000000e+02 3.669686610679119801e-06
9.080000000000000000e+02 3.566436609516938265e-06
9.090000000000000000e+02 3.503586405940747326e-06
9.100000000000000000e+02 3.379070290786144813e-06
9.110000000000000000e+02 3.280453143321901891e-06
9.120000000000000000e+02 3.172015167239044069e-06
9.130000000000000000e+02 3.135266395809085489e-06
9.140000000000000000e+02 3.208423232323525985e-06
9.150000000000000000e+02 3.243723044794796123e-06
9.160000000000000000e+02 3.154102343235236861e-06
9.170000000000000000e+02 3.105005001636855863e-06
9.180000000000000000e+02 3.118606071616081565e-06
9.190000000000000000e+02 3.134989567096102671e-06
9.200000000000000000e+02 3.243197447545705933e-06
9.210000000000000000e+02 3.321246371224672772e-06
9.220000000000000000e+02 3.452957699599711809e-06
9.230000000000000000e+02 3.570783937544939326e-06
9.240000000000000000e+02 3.688642790204660243e-06
9.250000000000000000e+02 3.797323040061455822e-06
9.260000000000000000e+02 3.895985242197963551e-06
9.270000000000000000e+02 3.992547707819638890e-06
9.280000000000000000e+02 4.154302535100288450e-06
9.290000000000000000e+02 4.326826083424447024e-06
9.300000000000000000e+02 4.402663490709776041e-06
9.310000000000000000e+02 4.397110765776859431e-06
9.320000000000000000e+02 4.397867709501182123e-06
9.330000000000000000e+02 4.392643929152480850e-06
9.340000000000000000e+02 4.392279172688202948e-06
9.350000000000000000e+02 4.407398367341880330e-06
9.360000000000000000e+02 4.404494346664870423e-06
9.370000000000000000e+02 4.436480820890418070e-06
9.380000000000000000e+02 4.446760529517901993e-06
9.390000000000000000e+02 4.407115070768521830e-06
9.400000000000000000e+02 4.345705928190415620e-06
9.410000000000000000e+02 4.267131887277900000e-06
9.420000000000000000e+02 4.216474049211826403e-06
9.430000000000000000e+02 4.187873967106495198e-06
9.440000000000000000e+02 4.212651303066641569e-06
9.450000000000000000e+02 4.095743081334778251e-06
9.460000000000000000e+02 3.956099075669621309e-06
9.470000000000000000e+02 3.845583447211303233e-06
9.480000000000000000e+02 3.748833973499556631e-06
9.490000000000000000e+02 3.636949697948808223e-06
9.500000000000000000e+02 3.560053826052022667e-06
9.510000000000000000e+02 3.475274421603705647e-06
9.520000000000000000e+02 3.423147580433447624e-06
9.530000000000000000e+02 3.365057324086086465e-06
9.540000000000000000e+02 3.309917154957131171e-06
9.550000000000000000e+02 3.236092095502627701e-06
9.560000000000000000e+02 3.180968137018610214e-06
9.570000000000000000e+02 3.210898714967952650e-06
9.580000000000000000e+02 3.316329266940703338e-06
9.590000000000000000e+02 3.393170351855630006e-06
9.600000000000000000e+02 3.335148073298955039e-06
9.610000000000000000e+02 3.323860718526957484e-06
9.620000000000000000e+02 3.301581345299387034e-06
9.630000000000000000e+02 3.368336131742275610e-06
9.640000000000000000e+02 3.423563188356611044e-06
9.650000000000000000e+02 3.537541254152316377e-06
9.660000000000000000e+02 3.631774055610222984e-06
9.670000000000000000e+02 3.746038912414985074e-06
9.680000000000000000e+02 3.815021204238165493e-06
9.690000000000000000e+02 3.857949302500135112e-06
9.700000000000000000e+02 3.895800569211504005e-06
9.710000000000000000e+02 3.963319351587809761e-06
9.720000000000000000e+02 4.097949625336307756e-06
9.730000000000000000e+02 4.261892895352937422e-06
9.740000000000000000e+02 4.320382211894934479e-06
9.750000000000000000e+02 4.299330520128045367e-06
9.760000000000000000e+02 4.297950000582486845e-06
9.770000000000000000e+02 4.309194165244394499e-06
9.780000000000000000e+02 4.332829176319000446e-06
9.790000000000000000e+02 4.321124834380186605e-06
9.800000000000000000e+02 4.314603174096000201e-06
9.810000000000000000e+02 4.280968942501327844e-06
9.820000000000000000e+02 4.216505119821259248e-06
9.830000000000000000e+02 4.144023285158122547e-06
9.840000000000000000e+02 4.050181035537849527e-06
9.850000000000000000e+02 3.946305341988005082e-06
9.860000000000000000e+02 3.862150007989051226e-06
9.870000000000000000e+02 3.876584506252812007e-06
9.880000000000000000e+02 3.842869841965054553e-06
9.890000000000000000e+02 3.728736435924011839e-06
9.900000000000000000e+02 3.561780834909475021e-06
9.910000000000000000e+02 3.421816368456304780e-06
9.920000000000000000e+02 3.325882667856098860e-06
9.930000000000000000e+02 3.237870162161432119e-06
9.940000000000000000e+02 3.170641463168800466e-06
9.950000000000000000e+02 3.131835383216021299e-06
9.960000000000000000e+02 3.102225335365928210e-06
9.970000000000000000e+02 3.073791034474448978e-06
9.980000000000000000e+02 3.063729990625137991e-06
9.990000000000000000e+02 3.032375518171910306e-06
1.000000000000000000e+03 3.054701541458683305e-06
