1.000000000000000000e+00 1.323562324476456328e-05
2.000000000000000000e+00 5.118833403985793007e-01
3.000000000000000000e+00 1.204917404575414908e-01
4.000000000000000000e+00 8.283414352048875662e-01
5.000000000000000000e+00 1.000000000000000000e+00
6.000000000000000000e+00 5.258992288410263560e-01
7.000000000000000000e+00 2.901905839056859726e-01
8.000000000000000000e+00 2.062951879478388817e-01
9.000000000000000000e+00 1.580544823727973169e-01
1.000000000000000000e+01 1.360590696120580756e-01
1.100000000000000000e+01 1.188507067536608008e-01
1.200000000000000000e+01 1.098342032734457435e-01
1.300000000000000000e+01 1.013835342929665512e-01
1.400000000000000000e+01 9.530025965390641340e-02
1.500000000000000000e+01 8.764641011334296794e-02
1.600000000000000000e+01 8.333354336151749253e-02
1.700000000000000000e+01 8.089998481078854164e-02
1.800000000000000000e+01 7.325310403862125841e-02
1.900000000000000000e+01 6.429154452506959105e-02
2.000000000000000000e+01 5.846874034764317635e-02
2.100000000000000000e+01 5.057655321694851103e-02
2.200000000000000000e+01 4.240075387299808291e-02
2.300000000000000000e+01 3.476116531462892373e-02
2.400000000000000000e+01 2.834774368541259290e-02
2.500000000000000000e+01 2.242510399647392599e-02
2.600000000000000000e+01 1.861929886308403767e-02
2.700000000000000000e+01 1.704854647823375244e-02
2.800000000000000000e+01 1.649045868551640356e-02
2.900000000000000000e+01 1.600811966172314971e-02
3.000000000000000000e+01 1.548417597283021155e-02
3.100000000000000000e+01 1.489795285921009446e-02
3.200000000000000000e+01 1.398049522569290437e-02
3.300000000000000000e+01 1.280986825118138502e-02
3.400000000000000000e+01 1.162405457528707664e-02
3.500000000000000000e+01 1.044950665515434127e-02
3.600000000000000000e+01 9.513823584902745406e-03
3.700000000000000000e+01 8.891412827861112575e-03
3.800000000000000000e+01 8.337462390978982174e-03
3.900000000000000000e+01 8.143259371826592000e-03
4.000000000000000000e+01 7.757999797925966418e-03
4.100000000000000000e+01 7.307424171943418569e-03
4.200000000000000000e+01 6.857036956015300291e-03
4.300000000000000000e+01 6.443348163439813550e-03
4.400000000000000000e+01 6.076302123605522090e-03
4.500000000000000000e+01 5.765681431840314307e-03
4.600000000000000000e+01 5.564139854721996369e-03
4.700000000000000000e+01 5.377909323317618499e-03
4.800000000000000000e+01 5.160098316203396915e-03
4.900000000000000000e+01 4.889081965110573906e-03
5.000000000000000000e+01 4.684782683978361978e-03
5.100000000000000000e+01 4.448262739459102159e-03
5.200000000000000000e+01 4.221764704473852763e-03
5.300000000000000000e+01 3.941746187973997791e-03
5.400000000000000000e+01 3.715172802593902021e-03
5.500000000000000000e+01 3.479875171683020560e-03
5.600000000000000000e+01 3.317167108401449915e-03
5.700000000000000000e+01 3.165905278802790424e-03
5.800000000000000000e+01 3.066236302662088496e-03
5.900000000000000000e+01 2.944224533619706641e-03
6.000000000000000000e+01 2.848816001012146205e-03
6.100000000000000000e+01 2.767988481845312654e-03
6.200000000000000000e+01 2.699723516923110446e-03
6.300000000000000000e+01 2.671819078110659624e-03
6.400000000000000000e+01 2.601905723645282862e-03
6.500000000000000000e+01 2.592154496444037514e-03
6.600000000000000000e+01 2.572267500517697644e-03
6.700000000000000000e+01 2.556610268960707831e-03
6.800000000000000000e+01 2.552232143783405519e-03
6.900000000000000000e+01 2.543418763806992895e-03
7.000000000000000000e+01 2.530952828977197158e-03
7.100000000000000000e+01 2.512886474683488462e-03
7.200000000000000000e+01 2.463276867112043546e-03
7.300000000000000000e+01 2.430120900763815123e-03
7.400000000000000000e+01 2.353961753150802041e-03
7.500000000000000000e+01 2.306175622742139258e-03
7.600000000000000000e+01 2.227795723049305621e-03
7.700000000000000000e+01 2.193893179349836776e-03
7.800000000000000000e+01 2.138347080756297560e-03
7.900000000000000000e+01 2.126219619839129615e-03
8.000000000000000000e+01 2.088158380865348489e-03
8.100000000000000000e+01 2.089025216497224658e-03
8.200000000000000000e+01 2.071368295302249748e-03
8.300000000000000000e+01 2.051483043477789290e-03
8.400000000000000000e+01 2.029248612540251150e-03
8.500000000000000000e+01 2.004937576464644287e-03
8.600000000000000000e+01 1.969953555947562274e-03
8.700000000000000000e+01 1.920261664493918803e-03
8.800000000000000000e+01 1.892016817430752697e-03
8.900000000000000000e+01 1.850052362477983209e-03
9.000000000000000000e+01 1.832622131403215462e-03
9.100000000000000000e+01 1.800532111903666325e-03
9.200000000000000000e+01 1.794382613311460394e-03
9.300000000000000000e+01 1.773388132900341214e-03
9.400000000000000000e+01 1.767359080013446854e-03
9.500000000000000000e+01 1.732017206681048119e-03
9.600000000000000000e+01 1.714262748061967006e-03
9.700000000000000000e+01 1.670585201941294888e-03
9.800000000000000000e+01 1.636527099133020836e-03
9.900000000000000000e+01 1.574435582203799608e-03
1.000000000000000000e+02 1.527925846505988642e-03
1.010000000000000000e+02 1.465818443764489373e-03
1.020000000000000000e+02 1.410476953879103009e-03
1.030000000000000000e+02 1.341727675290767989e-03
1.040000000000000000e+02 1.287694273497115832e-03
1.050000000000000000e+02 1.215644487008376651e-03
1.060000000000000000e+02 1.156298504517414222e-03
1.070000000000000000e+02 1.090182162764204111e-03
1.080000000000000000e+02 1.044482722479949137e-03
1.090000000000000000e+02 9.995845185270921165e-04
1.100000000000000000e+02 9.770259495939246155e-04
1.110000000000000000e+02 9.483703301898145383e-04
1.120000000000000000e+02 9.282135694818891610e-04
1.130000000000000000e+02 9.096345234250219521e-04
1.140000000000000000e+02 8.868865606755377143e-04
1.150000000000000000e+02 8.594668319254559607e-04
1.160000000000000000e+02 8.294632650604439814e-04
1.170000000000000000e+02 7.965860870628698864e-04
1.180000000000000000e+02 7.645590379308455807e-04
1.190000000000000000e+02 7.339461449523814471e-04
1.200000000000000000e+02 7.085364281170234476e-04
1.210000000000000000e+02 6.903554110078445388e-04
1.220000000000000000e+02 6.783086431417596545e-04
1.230000000000000000e+02 6.706814002453620385e-04
1.240000000000000000e+02 6.647972884925652977e-04
1.250000000000000000e+02 6.608054069615951600e-04
1.260000000000000000e+02 6.612869702368847280e-04
1.270000000000000000e+02 6.549784752493336640e-04
1.280000000000000000e+02 6.505289176180387807e-04
1.290000000000000000e+02 6.451331731225919911e-04
1.300000000000000000e+02 6.406405895571575882e-04
1.310000000000000000e+02 6.282035679564299631e-04
1.320000000000000000e+02 6.157596018760807784e-04
1.330000000000000000e+02 6.045713077254369653e-04
1.340000000000000000e+02 5.867311423867798336e-04
1.350000000000000000e+02 5.707458194276849922e-04
1.360000000000000000e+02 5.487752603493604954e-04
1.370000000000000000e+02 5.291582041087512268e-04
1.380000000000000000e+02 5.055695787253353243e-04
1.390000000000000000e+02 4.873000630933781510e-04
1.400000000000000000e+02 4.672073285213209064e-04
1.410000000000000000e+02 4.536644902294117510e-04
1.420000000000000000e+02 4.387430024726224321e-04
1.430000000000000000e+02 4.304452553334725214e-04
1.440000000000000000e+02 4.196274041729476049e-04
1.450000000000000000e+02 4.141174889141848326e-04
1.460000000000000000e+02 4.046207227442135562e-04
1.470000000000000000e+02 4.001187579322921031e-04
1.480000000000000000e+02 3.908762970950567972e-04
1.490000000000000000e+02 3.870780105838446828e-04
1.500000000000000000e+02 3.780882010619584263e-04
1.510000000000000000e+02 3.746367618352741962e-04
1.520000000000000000e+02 3.655063010430964639e-04
1.530000000000000000e+02 3.609318539843121300e-04
1.540000000000000000e+02 3.510188163612233377e-04
1.550000000000000000e+02 3.458294889729026126e-04
1.560000000000000000e+02 3.354092226174538766e-04
1.570000000000000000e+02 3.299866944128931217e-04
1.580000000000000000e+02 3.203565616812285941e-04
1.590000000000000000e+02 3.158796047977196933e-04
1.600000000000000000e+02 3.080569060653734655e-04
1.610000000000000000e+02 3.048730566490045991e-04
1.620000000000000000e+02 2.980331132146418283e-04
1.630000000000000000e+02 2.945597009807995122e-04
1.640000000000000000e+02 2.875416001014313738e-04
1.650000000000000000e+02 2.824165745396588103e-04
1.660000000000000000e+02 2.746616983537483020e-04
1.670000000000000000e+02 2.681134172483715409e-04
1.680000000000000000e+02 2.596724564899253042e-04
1.690000000000000000e+02 2.514468311349403354e-04
1.700000000000000000e+02 2.439206124957985823e-04
1.710000000000000000e+02 2.351472576887425809e-04
1.720000000000000000e+02 2.269547210368786912e-04
1.730000000000000000e+02 2.198162665440329770e-04
1.740000000000000000e+02 2.124126423342872800e-04
1.750000000000000000e+02 2.060539222989951928e-04
1.760000000000000000e+02 2.001320279434251354e-04
1.770000000000000000e+02 1.958948169800878343e-04
1.780000000000000000e+02 1.912428439843399854e-04
1.790000000000000000e+02 1.877068319544092216e-04
1.800000000000000000e+02 1.844217882807965827e-04
1.810000000000000000e+02 1.816038864947463875e-04
1.820000000000000000e+02 1.794601854825039690e-04
1.830000000000000000e+02 1.779111174919914757e-04
1.840000000000000000e+02 1.768049864474635863e-04
1.850000000000000000e+02 1.760682634322158289e-04
1.860000000000000000e+02 1.754351408610162004e-04
1.870000000000000000e+02 1.749301735799889857e-04
1.880000000000000000e+02 1.743027314659490487e-04
1.890000000000000000e+02 1.735628066586864784e-04
1.900000000000000000e+02 1.727040666089184188e-04
1.910000000000000000e+02 1.714125483339209034e-04
1.920000000000000000e+02 1.699557967720173775e-04
1.930000000000000000e+02 1.682230077566619088e-04
1.940000000000000000e+02 1.662573224424107479e-04
1.950000000000000000e+02 1.642870881816331323e-04
1.960000000000000000e+02 1.622585725252491645e-04
1.970000000000000000e+02 1.599016749034328627e-04
1.980000000000000000e+02 1.573418167515268948e-04
1.990000000000000000e+02 1.546046276425473091e-04
2.000000000000000000e+02 1.517667488284844737e-04
2.010000000000000000e+02 1.488861651122742869e-04
2.020000000000000000e+02 1.460918221494048107e-04
2.030000000000000000e+02 1.434159812356605225e-04
2.040000000000000000e+02 1.409000143068741629e-04
2.050000000000000000e+02 1.386273565714846319e-04
2.060000000000000000e+02 1.366083875473332859e-04
2.070000000000000000e+02 1.349552645791028465e-04
2.080000000000000000e+02 1.352658590863588543e-04
2.090000000000000000e+02 1.329442585223244717e-04
2.100000000000000000e+02 1.320160050516791181e-04
2.110000000000000000e+02 1.336613095562667484e-04
2.120000000000000000e+02 1.325236768982196098e-04
2.130000000000000000e+02 1.344669477365747622e-04
2.140000000000000000e+02 1.338510626949887842e-04
2.150000000000000000e+02 1.363752404883865235e-04
2.160000000000000000e+02 1.361432515009641797e-04
2.170000000000000000e+02 1.388822169139006626e-04
2.180000000000000000e+02 1.387930607215746978e-04
2.190000000000000000e+02 1.415242974481794994e-04
2.200000000000000000e+02 1.415679307391294530e-04
2.210000000000000000e+02 1.443721363487134133e-04
2.220000000000000000e+02 1.443856537361461027e-04
2.230000000000000000e+02 1.471498061839421779e-04
2.240000000000000000e+02 1.472474610326405663e-04
2.250000000000000000e+02 1.500940926803319181e-04
2.260000000000000000e+02 1.502790201770739761e-04
2.270000000000000000e+02 1.532855915874747747e-04
2.280000000000000000e+02 1.536411219239358064e-04
2.290000000000000000e+02 1.567446895917610290e-04
2.300000000000000000e+02 1.569498832296698529e-04
2.310000000000000000e+02 1.594919410549631164e-04
2.320000000000000000e+02 1.593577973417030513e-04
2.330000000000000000e+02 1.616246091504760965e-04
2.340000000000000000e+02 1.610283678662043126e-04
2.350000000000000000e+02 1.626884628313068882e-04
2.360000000000000000e+02 1.616427697822728454e-04
2.370000000000000000e+02 1.628529263109980451e-04
2.380000000000000000e+02 1.616256262936900169e-04
2.390000000000000000e+02 1.624410646213681375e-04
2.400000000000000000e+02 1.608713659274078802e-04
2.410000000000000000e+02 1.613187533619393223e-04
2.420000000000000000e+02 1.593498983841315541e-04
2.430000000000000000e+02 1.594324481326773568e-04
2.440000000000000000e+02 1.575332734935413288e-04
2.450000000000000000e+02 1.577494560463333978e-04
2.460000000000000000e+02 1.557945411936042331e-04
2.470000000000000000e+02 1.556092096183629171e-04
2.480000000000000000e+02 1.534842532954373145e-04
2.490000000000000000e+02 1.530950622866089595e-04
2.500000000000000000e+02 1.506551856968544592e-04
2.510000000000000000e+02 1.501310785637974927e-04
2.520000000000000000e+02 1.475265365635046563e-04
2.530000000000000000e+02 1.464592391359839792e-04
2.540000000000000000e+02 1.433824659268123267e-04
2.550000000000000000e+02 1.419177152443155737e-04
2.560000000000000000e+02 1.388057063290889235e-04
2.570000000000000000e+02 1.371485138448395305e-04
2.580000000000000000e+02 1.340518975812573610e-04
2.590000000000000000e+02 1.323908242338879538e-04
2.600000000000000000e+02 1.292832096490925762e-04
2.610000000000000000e+02 1.275257079272270895e-04
2.620000000000000000e+02 1.245653656198629012e-04
2.630000000000000000e+02 1.227463016745996009e-04
2.640000000000000000e+02 1.197132042651293578e-04
2.650000000000000000e+02 1.179084349591627323e-04
2.660000000000000000e+02 1.148726589752207253e-04
2.670000000000000000e+02 1.131561252867549548e-04
2.680000000000000000e+02 1.101309805788834226e-04
2.690000000000000000e+02 1.085709964346815370e-04
2.700000000000000000e+02 1.056386695266380769e-04
2.710000000000000000e+02 1.041910645568551881e-04
2.720000000000000000e+02 1.012362990597209751e-04
2.730000000000000000e+02 9.979540299241811141e-05
2.740000000000000000e+02 9.675697880693653722e-05
2.750000000000000000e+02 9.540571413616341125e-05
2.760000000000000000e+02 9.255673003539454876e-05
2.770000000000000000e+02 9.143051290092470466e-05
2.780000000000000000e+02 8.870802298776166953e-05
2.790000000000000000e+02 8.792628630520367774e-05
2.800000000000000000e+02 8.518447642273487062e-05
2.810000000000000000e+02 8.428812639585328700e-05
2.820000000000000000e+02 8.127705535301735056e-05
2.830000000000000000e+02 8.048524882511242349e-05
2.840000000000000000e+02 7.769330612072580355e-05
2.850000000000000000e+02 7.718251475508486456e-05
2.860000000000000000e+02 7.444841935655589901e-05
2.870000000000000000e+02 7.412608652350353262e-05
2.880000000000000000e+02 7.160688243076179479e-05
2.890000000000000000e+02 7.138262669345648984e-05
2.900000000000000000e+02 6.885787210915631624e-05
2.910000000000000000e+02 6.874414168324122080e-05
2.920000000000000000e+02 6.630997513301988228e-05
2.930000000000000000e+02 6.624224258979581983e-05
2.940000000000000000e+02 6.374412355710597135e-05
2.950000000000000000e+02 6.363203366934071562e-05
2.960000000000000000e+02 6.109423746203081424e-05
2.970000000000000000e+02 6.103620263705080535e-05
2.980000000000000000e+02 5.866658750136785063e-05
2.990000000000000000e+02 5.874357767551664425e-05
3.000000000000000000e+02 5.650234271030939273e-05
3.010000000000000000e+02 5.677535441409331280e-05
3.020000000000000000e+02 5.471745845882356916e-05
3.030000000000000000e+02 5.390911146747516476e-05
3.040000000000000000e+02 5.457763554425212958e-05
3.050000000000000000e+02 5.272542624696757312e-05
3.060000000000000000e+02 5.316236650814774151e-05
3.070000000000000000e+02 5.148811590126849423e-05
3.080000000000000000e+02 5.198170541353627511e-05
3.090000000000000000e+02 5.044129730991156718e-05
3.100000000000000000e+02 5.086808500593419157e-05
3.110000000000000000e+02 4.929213295464073398e-05
3.120000000000000000e+02 4.981470041172034310e-05
3.130000000000000000e+02 4.830321141324974858e-05
3.140000000000000000e+02 4.874707625017462388e-05
3.150000000000000000e+02 4.733592489568500954e-05
3.160000000000000000e+02 4.782382861912420213e-05
3.170000000000000000e+02 4.635428827402397251e-05
3.180000000000000000e+02 4.672583997150810391e-05
3.190000000000000000e+02 4.520894456100851551e-05
3.200000000000000000e+02 4.547894544169573766e-05
3.210000000000000000e+02 4.398426740203992079e-05
3.220000000000000000e+02 4.423778971665807828e-05
3.230000000000000000e+02 4.282033139604686864e-05
3.240000000000000000e+02 4.309571370607861833e-05
3.250000000000000000e+02 4.163561770041782377e-05
3.260000000000000000e+02 4.178948447458341223e-05
3.270000000000000000e+02 4.023106427096126918e-05
3.280000000000000000e+02 4.021521717612273466e-05
3.290000000000000000e+02 3.857949027402842449e-05
3.300000000000000000e+02 3.849793095658036703e-05
3.310000000000000000e+02 3.691245877252716468e-05
3.320000000000000000e+02 3.690001094074563993e-05
3.330000000000000000e+02 3.541427771843585749e-05
3.340000000000000000e+02 3.538965128727498857e-05
3.350000000000000000e+02 3.396523766276463539e-05
3.360000000000000000e+02 3.400383913961394156e-05
3.370000000000000000e+02 3.276351541780909787e-05
3.380000000000000000e+02 3.295262382325567853e-05
3.390000000000000000e+02 3.183371237394221629e-05
3.400000000000000000e+02 3.211965307543138229e-05
3.410000000000000000e+02 3.112007260101526737e-05
3.420000000000000000e+02 3.153895405492369484e-05
3.430000000000000000e+02 3.071184856132207062e-05
3.440000000000000000e+02 3.110716797832098289e-05
3.450000000000000000e+02 3.034606692877894608e-05
3.460000000000000000e+02 3.061500006937094547e-05
3.470000000000000000e+02 2.985840823764905296e-05
3.480000000000000000e+02 3.014612868053240504e-05
3.490000000000000000e+02 2.959932404189731447e-05
3.500000000000000000e+02 3.000177555890509124e-05
3.510000000000000000e+02 2.958484752471877106e-05
3.520000000000000000e+02 3.009905049369444529e-05
3.530000000000000000e+02 2.968828038298692657e-05
3.540000000000000000e+02 3.018231375802355005e-05
3.550000000000000000e+02 2.974107097823467484e-05
3.560000000000000000e+02 3.031037795264558649e-05
3.570000000000000000e+02 2.992326005839828932e-05
3.580000000000000000e+02 3.048046552917649669e-05
3.590000000000000000e+02 3.048771383151930680e-05
3.600000000000000000e+02 3.005085299293114954e-05
3.610000000000000000e+02 3.064869729441482409e-05
3.620000000000000000e+02 3.004050647205652459e-05
3.630000000000000000e+02 3.050669356417893700e-05
3.640000000000000000e+02 2.970536664383137176e-05
3.650000000000000000e+02 3.012991619595464649e-05
3.660000000000000000e+02 2.932418104012671296e-05
3.670000000000000000e+02 2.982681716919584116e-05
3.680000000000000000e+02 2.896859200964042812e-05
3.690000000000000000e+02 2.952594084086216731e-05
3.700000000000000000e+02 2.854612276854167816e-05
3.710000000000000000e+02 2.907345290826130737e-05
3.720000000000000000e+02 2.800312006328289297e-05
3.730000000000000000e+02 2.851849634732864559e-05
3.740000000000000000e+02 2.748006522746661762e-05
3.750000000000000000e+02 2.813104188213909614e-05
3.760000000000000000e+02 2.720619738269961164e-05
3.770000000000000000e+02 2.793289063653558757e-05
3.780000000000000000e+02 2.698141926603066422e-05
3.790000000000000000e+02 2.778658754432416860e-05
3.800000000000000000e+02 2.676436654357178388e-05
3.810000000000000000e+02 2.756022004984725761e-05
3.820000000000000000e+02 2.663040744571919347e-05
3.830000000000000000e+02 2.744607678688323934e-05
3.840000000000000000e+02 2.662544105784520783e-05
3.850000000000000000e+02 2.740153384819625425e-05
3.860000000000000000e+02 2.658757716668423549e-05
3.870000000000000000e+02 2.722639988897084749e-05
3.880000000000000000e+02 2.650189604419213158e-05
3.890000000000000000e+02 2.709692629237511849e-05
3.900000000000000000e+02 2.649259288439076876e-05
3.910000000000000000e+02 2.709333120340012404e-05
3.920000000000000000e+02 2.654335443655092986e-05
3.930000000000000000e+02 2.709337052343939705e-05
3.940000000000000000e+02 2.669653309070092281e-05
3.950000000000000000e+02 2.738724605050259133e-05
3.960000000000000000e+02 2.752229313840171744e-05
3.970000000000000000e+02 2.727455308844799637e-05
3.980000000000000000e+02 2.791753127342160492e-05
3.990000000000000000e+02 2.795936882213276829e-05
4.000000000000000000e+02 2.758085897075686512e-05
4.010000000000000000e+02 2.812778287483541737e-05
4.020000000000000000e+02 2.811775543041111915e-05
4.030000000000000000e+02 2.801134066927004579e-05
4.040000000000000000e+02 2.797814305203526680e-05
4.050000000000000000e+02 2.792315572322490690e-05
4.060000000000000000e+02 2.736295264192723008e-05
4.070000000000000000e+02 2.803925476463755832e-05
4.080000000000000000e+02 2.725548034796644272e-05
4.090000000000000000e+02 2.794424321722165032e-05
4.100000000000000000e+02 2.702474870370508628e-05
4.110000000000000000e+02 2.766280075275047781e-05
4.120000000000000000e+02 2.665362334878639688e-05
4.130000000000000000e+02 2.726525203242009799e-05
4.140000000000000000e+02 2.613339631430843299e-05
4.150000000000000000e+02 2.657196723352038561e-05
4.160000000000000000e+02 2.559034634622387399e-05
4.170000000000000000e+02 2.606098757507415895e-05
4.180000000000000000e+02 2.485404007958825823e-05
4.190000000000000000e+02 2.522079412292199500e-05
4.200000000000000000e+02 2.414776155030952270e-05
4.210000000000000000e+02 2.450906858818213970e-05
4.220000000000000000e+02 2.376506724101578845e-05
4.230000000000000000e+02 2.441129285849766287e-05
4.240000000000000000e+02 2.349588768279251431e-05
4.250000000000000000e+02 2.405309087456106179e-05
4.260000000000000000e+02 2.331842407723793854e-05
4.270000000000000000e+02 2.384690975810453185e-05
4.280000000000000000e+02 2.331744364257883040e-05
4.290000000000000000e+02 2.382574846704997172e-05
4.300000000000000000e+02 2.377590287930260468e-05
4.310000000000000000e+02 2.337494021276266019e-05
4.320000000000000000e+02 2.385340605917124574e-05
4.330000000000000000e+02 2.383224951221429034e-05
4.340000000000000000e+02 2.386307492353856647e-05
4.350000000000000000e+02 2.391376540537244063e-05
4.360000000000000000e+02 2.402737471009420327e-05
4.370000000000000000e+02 2.413232496916842192e-05
4.380000000000000000e+02 2.427542367102839563e-05
4.390000000000000000e+02 2.442808915184397186e-05
4.400000000000000000e+02 2.459402353676523768e-05
4.410000000000000000e+02 2.476977743350171983e-05
4.420000000000000000e+02 2.496594635001761565e-05
4.430000000000000000e+02 2.512065912324834154e-05
4.440000000000000000e+02 2.522890975635312655e-05
4.450000000000000000e+02 2.527763305309538308e-05
4.460000000000000000e+02 2.530347659856324228e-05
4.470000000000000000e+02 2.528011804806107768e-05
4.480000000000000000e+02 2.526303291738776752e-05
4.490000000000000000e+02 2.523800485978537611e-05
4.500000000000000000e+02 2.517308098923573857e-05
4.510000000000000000e+02 2.464996610399070568e-05
4.520000000000000000e+02 2.521586341973115696e-05
4.530000000000000000e+02 2.432633617820562156e-05
4.540000000000000000e+02 2.481535427916514971e-05
4.550000000000000000e+02 2.387557157227663794e-05
4.560000000000000000e+02 2.435843896496210650e-05
4.570000000000000000e+02 2.350111256448368167e-05
4.580000000000000000e+02 2.402910494585842012e-05
4.590000000000000000e+02 2.311918486987537608e-05
4.600000000000000000e+02 2.362654195123503227e-05
4.610000000000000000e+02 2.261643452081394431e-05
4.620000000000000000e+02 2.309137071502101771e-05
4.630000000000000000e+02 2.210383030434107798e-05
4.640000000000000000e+02 2.263140470025597374e-05
4.650000000000000000e+02 2.176225243051347944e-05
4.660000000000000000e+02 2.235416702088938756e-05
4.670000000000000000e+02 2.162918218145614503e-05
4.680000000000000000e+02 2.229588344934891304e-05
4.690000000000000000e+02 2.155462252413220937e-05
4.700000000000000000e+02 2.211819369320566398e-05
4.710000000000000000e+02 2.135448836553764855e-05
4.720000000000000000e+02 2.178458185312511937e-05
4.730000000000000000e+02 2.120061789475553713e-05
4.740000000000000000e+02 2.184797228476385571e-05
4.750000000000000000e+02 2.187556229385852522e-05
4.760000000000000000e+02 2.192507617780950412e-05
4.770000000000000000e+02 2.201466540429662392e-05
4.780000000000000000e+02 2.211399245728588167e-05
4.790000000000000000e+02 2.215288000891463000e-05
4.800000000000000000e+02 2.222881674160046944e-05
4.810000000000000000e+02 2.235226965267964302e-05
4.820000000000000000e+02 2.251401565635176259e-05
4.830000000000000000e+02 2.269456365055372789e-05
4.840000000000000000e+02 2.283758537673615040e-05
4.850000000000000000e+02 2.289832593848907562e-05
4.860000000000000000e+02 2.299140620531742323e-05
4.870000000000000000e+02 2.305828341968966952e-05
4.880000000000000000e+02 2.311364252549048213e-05
4.890000000000000000e+02 2.318460416847028179e-05
4.900000000000000000e+02 2.324925507843002783e-05
4.910000000000000000e+02 2.332454946546948772e-05
4.920000000000000000e+02 2.334694579767766705e-05
4.930000000000000000e+02 2.329634731519183671e-05
4.940000000000000000e+02 2.316011235544073539e-05
4.950000000000000000e+02 2.300212101519658286e-05
4.960000000000000000e+02 2.232054393487833963e-05
4.970000000000000000e+02 2.279961881631082537e-05
4.980000000000000000e+02 2.241613657730615964e-05
4.990000000000000000e+02 2.161943506344965324e-05
5.000000000000000000e+02 2.205251385834524328e-05
5.010000000000000000e+02 2.129853562562786088e-05
5.020000000000000000e+02 2.168677255192784126e-05
5.030000000000000000e+02 2.104836274158343988e-05
5.040000000000000000e+02 2.148769105920105680e-05
5.050000000000000000e+02 2.067375256172292010e-05
5.060000000000000000e+02 2.115311629324877240e-05
5.070000000000000000e+02 2.057347499034000978e-05
5.080000000000000000e+02 2.104643078673095499e-05
5.090000000000000000e+02 2.092981710374880404e-05
5.100000000000000000e+02 2.042527767840210734e-05
5.110000000000000000e+02 2.081346040638966440e-05
5.120000000000000000e+02 2.043090788320048532e-05
5.130000000000000000e+02 2.087981326979950776e-05
5.140000000000000000e+02 2.081491249063663733e-05
5.150000000000000000e+02 2.072437683774216337e-05
5.160000000000000000e+02 2.063378612011152561e-05
5.170000000000000000e+02 2.055657116270724629e-05
5.180000000000000000e+02 2.027448242951774394e-05
5.190000000000000000e+02 2.084592115329542025e-05
5.200000000000000000e+02 2.092962457653644429e-05
5.210000000000000000e+02 2.101969023846475602e-05
5.220000000000000000e+02 2.108156012484346998e-05
5.230000000000000000e+02 2.110016237324399525e-05
5.240000000000000000e+02 2.112711849004632642e-05
5.250000000000000000e+02 2.113831906791871262e-05
5.260000000000000000e+02 2.116906001336038711e-05
5.270000000000000000e+02 2.119142382250103132e-05
5.280000000000000000e+02 2.124755869829045307e-05
5.290000000000000000e+02 2.126906718806847942e-05
5.300000000000000000e+02 2.127458477481823597e-05
5.310000000000000000e+02 2.122652844530473337e-05
5.320000000000000000e+02 2.074526272363616644e-05
5.330000000000000000e+02 2.127757329453581960e-05
5.340000000000000000e+02 2.070114111523761228e-05
5.350000000000000000e+02 2.118032968006302474e-05
5.360000000000000000e+02 2.047120873264626041e-05
5.370000000000000000e+02 2.099946515116019402e-05
5.380000000000000000e+02 2.036804773197662400e-05
5.390000000000000000e+02 2.092740943673988463e-05
5.400000000000000000e+02 2.029415470457601929e-05
5.410000000000000000e+02 2.088012502835167870e-05
5.420000000000000000e+02 2.013682846269487128e-05
5.430000000000000000e+02 2.060722328752865202e-05
5.440000000000000000e+02 1.987650345944598840e-05
5.450000000000000000e+02 2.047379374594113496e-05
5.460000000000000000e+02 1.988007182574207308e-05
5.470000000000000000e+02 2.064675552258678594e-05
5.480000000000000000e+02 2.001597711670534454e-05
5.490000000000000000e+02 2.062817112705808031e-05
5.500000000000000000e+02 1.986992896580614418e-05
5.510000000000000000e+02 2.025991788957176055e-05
5.520000000000000000e+02 1.973635574382184358e-05
5.530000000000000000e+02 2.025094829944805536e-05
5.540000000000000000e+02 1.982820086741086691e-05
5.550000000000000000e+02 2.036112244000621367e-05
5.560000000000000000e+02 1.996954691556231216e-05
5.570000000000000000e+02 2.048001371566102990e-05
5.580000000000000000e+02 2.047969861529722253e-05
5.590000000000000000e+02 2.049735031605282205e-05
5.600000000000000000e+02 2.052992245547385604e-05
5.610000000000000000e+02 2.058362177147895144e-05
5.620000000000000000e+02 2.037657658340167249e-05
5.630000000000000000e+02 2.089353320004622014e-05
5.640000000000000000e+02 2.101326965009021734e-05
5.650000000000000000e+02 2.112348707263714747e-05
5.660000000000000000e+02 2.124360023995397584e-05
5.670000000000000000e+02 2.121900944362552970e-05
5.680000000000000000e+02 2.121173133960781135e-05
5.690000000000000000e+02 2.118097942224081342e-05
5.700000000000000000e+02 2.117329994642494861e-05
5.710000000000000000e+02 2.121722166228753797e-05
5.720000000000000000e+02 2.129844972420498413e-05
5.730000000000000000e+02 2.138853160555566002e-05
5.740000000000000000e+02 2.141536113227399484e-05
5.750000000000000000e+02 2.133669643642611388e-05
5.760000000000000000e+02 2.073275618893169033e-05
5.770000000000000000e+02 2.117564119136698908e-05
5.780000000000000000e+02 2.043668623895035125e-05
5.790000000000000000e+02 2.094412248067449250e-05
5.800000000000000000e+02 2.014599880466281875e-05
5.810000000000000000e+02 2.062469368878145316e-05
5.820000000000000000e+02 1.978424245700944822e-05
5.830000000000000000e+02 2.003909388993199150e-05
5.840000000000000000e+02 1.939748454906660216e-05
5.850000000000000000e+02 1.981801825013083669e-05
5.860000000000000000e+02 1.912281853769470075e-05
5.870000000000000000e+02 1.959289158268321616e-05
5.880000000000000000e+02 1.901568934490404186e-05
5.890000000000000000e+02 1.953729964030442330e-05
5.900000000000000000e+02 1.909707138907712823e-05
5.910000000000000000e+02 1.960167482590875998e-05
5.920000000000000000e+02 1.921501309424347465e-05
5.930000000000000000e+02 1.964649144531537583e-05
5.940000000000000000e+02 1.963260090637216127e-05
5.950000000000000000e+02 1.958580507080332321e-05
5.960000000000000000e+02 1.951599794517905394e-05
5.970000000000000000e+02 1.948106264191617204e-05
5.980000000000000000e+02 1.950131267632092277e-05
5.990000000000000000e+02 1.955866910577056756e-05
6.000000000000000000e+02 1.969622956186785595e-05
6.010000000000000000e+02 1.984512414810471009e-05
6.020000000000000000e+02 2.000338309963412654e-05
6.030000000000000000e+02 2.013654220366137870e-05
6.040000000000000000e+02 2.020878293617302712e-05
6.050000000000000000e+02 2.026869654494072725e-05
6.060000000000000000e+02 2.033902978462962335e-05
6.070000000000000000e+02 2.038020364149521199e-05
6.080000000000000000e+02 2.042057811818676338e-05
6.090000000000000000e+02 2.048903992681399107e-05
6.100000000000000000e+02 2.060631817671657742e-05
6.110000000000000000e+02 2.067196030676722406e-05
6.120000000000000000e+02 2.066418342097331611e-05
6.130000000000000000e+02 2.055572994069077925e-05
6.140000000000000000e+02 2.005640011880545777e-05
6.150000000000000000e+02 2.045091296196708890e-05
6.160000000000000000e+02 2.023186870864421069e-05
6.170000000000000000e+02 2.007394571073878404e-05
6.180000000000000000e+02 2.003144622488325477e-05
6.190000000000000000e+02 1.966390440919870048e-05
6.200000000000000000e+02 2.027482382637559990e-05
6.210000000000000000e+02 1.962713468377015223e-05
6.220000000000000000e+02 2.000260206243160627e-05
6.230000000000000000e+02 1.930162603787833028e-05
6.240000000000000000e+02 1.966367202332674479e-05
6.250000000000000000e+02 1.918128084151189241e-05
6.260000000000000000e+02 1.978170800698449060e-05
6.270000000000000000e+02 1.914104321742446998e-05
6.280000000000000000e+02 1.960491050179128631e-05
6.290000000000000000e+02 1.910477087907409119e-05
6.300000000000000000e+02 1.966784031611706090e-05
6.310000000000000000e+02 1.906195084475508728e-05
6.320000000000000000e+02 1.957428981255140811e-05
6.330000000000000000e+02 1.898387862589861420e-05
6.340000000000000000e+02 1.949673850256925203e-05
6.350000000000000000e+02 1.900819747750628983e-05
6.360000000000000000e+02 1.955174824313511459e-05
6.370000000000000000e+02 1.919351506848181705e-05
6.380000000000000000e+02 1.982142626291045565e-05
6.390000000000000000e+02 1.974275552193439085e-05
6.400000000000000000e+02 1.964170532168980378e-05
6.410000000000000000e+02 1.926037861535782769e-05
6.420000000000000000e+02 1.973243815267570155e-05
6.430000000000000000e+02 1.975823440728006125e-05
6.440000000000000000e+02 1.988791191067562820e-05
6.450000000000000000e+02 2.011032780868656303e-05
6.460000000000000000e+02 2.034687341128906118e-05
6.470000000000000000e+02 2.049547588620634960e-05
6.480000000000000000e+02 2.056672852119809599e-05
6.490000000000000000e+02 2.052401333747544374e-05
6.500000000000000000e+02 2.053393623499269463e-05
6.510000000000000000e+02 2.057277620753208955e-05
6.520000000000000000e+02 2.066871464451584578e-05
6.530000000000000000e+02 2.080366237561813412e-05
6.540000000000000000e+02 2.092198165489283235e-05
6.550000000000000000e+02 2.094799017443972630e-05
6.560000000000000000e+02 2.087122657077278097e-05
6.570000000000000000e+02 2.030885728246711105e-05
6.580000000000000000e+02 2.073879523153561083e-05
6.590000000000000000e+02 2.005046292825998143e-05
6.600000000000000000e+02 2.043296966679816734e-05
6.610000000000000000e+02 2.010173454924995014e-05
6.620000000000000000e+02 1.940629118693956454e-05
6.630000000000000000e+02 1.982948504587634739e-05
6.640000000000000000e+02 1.913032383187201807e-05
6.650000000000000000e+02 1.939920108902148726e-05
6.660000000000000000e+02 1.872328530796453009e-05
6.670000000000000000e+02 1.897470677854758522e-05
6.680000000000000000e+02 1.819511338796531521e-05
6.690000000000000000e+02 1.855558747798753290e-05
6.700000000000000000e+02 1.804329045078295870e-05
6.710000000000000000e+02 1.864612349082287086e-05
6.720000000000000000e+02 1.825090799245210660e-05
6.730000000000000000e+02 1.873399876904082169e-05
6.740000000000000000e+02 1.823086877071018738e-05
6.750000000000000000e+02 1.852995732791642817e-05
6.760000000000000000e+02 1.841604379205849184e-05
6.770000000000000000e+02 1.837150612600748923e-05
6.780000000000000000e+02 1.837909839439477901e-05
6.790000000000000000e+02 1.844216126465670580e-05
6.800000000000000000e+02 1.853277638977197275e-05
6.810000000000000000e+02 1.863374633734368854e-05
6.820000000000000000e+02 1.879659482768247195e-05
6.830000000000000000e+02 1.897560420486545471e-05
6.840000000000000000e+02 1.912207077528802575e-05
6.850000000000000000e+02 1.922416441993854839e-05
6.860000000000000000e+02 1.924561240632146798e-05
6.870000000000000000e+02 1.931139663036955808e-05
6.880000000000000000e+02 1.944721857594687787e-05
6.890000000000000000e+02 1.961780554572744177e-05
6.900000000000000000e+02 1.977441183864072949e-05
6.910000000000000000e+02 1.986086338707342350e-05
6.920000000000000000e+02 1.988863545254394413e-05
6.930000000000000000e+02 1.980802761346925120e-05
6.940000000000000000e+02 1.968091511036201412e-05
6.950000000000000000e+02 1.953187062959728550e-05
6.960000000000000000e+02 1.944843830223265394e-05
6.970000000000000000e+02 1.941725386490600924e-05
6.980000000000000000e+02 1.943805372656498150e-05
6.990000000000000000e+02 1.939562081094239377e-05
7.000000000000000000e+02 1.928648378793456329e-05
7.010000000000000000e+02 1.880063479045911582e-05
7.020000000000000000e+02 1.922426978154699384e-05
7.030000000000000000e+02 1.872102479002709608e-05
7.040000000000000000e+02 1.911358649315365545e-05
7.050000000000000000e+02 1.893951302174767197e-05
7.060000000000000000e+02 1.846183578510901367e-05
7.070000000000000000e+02 1.893622188277277826e-05
7.080000000000000000e+02 1.837086778040258815e-05
7.090000000000000000e+02 1.897435051336544170e-05
7.100000000000000000e+02 1.827823572385057509e-05
7.110000000000000000e+02 1.877096320737016482e-05
7.120000000000000000e+02 1.818428033923908061e-05
7.130000000000000000e+02 1.861720120106638180e-05
7.140000000000000000e+02 1.806356957218806873e-05
7.150000000000000000e+02 1.851718961098131364e-05
7.160000000000000000e+02 1.800873280340316114e-05
7.170000000000000000e+02 1.853289576178699210e-05
7.180000000000000000e+02 1.807388252544563748e-05
7.190000000000000000e+02 1.858556423604481466e-05
7.200000000000000000e+02 1.856961700871067580e-05
7.210000000000000000e+02 1.854733188084293404e-05
7.220000000000000000e+02 1.854274413910098884e-05
7.230000000000000000e+02 1.858216404188033240e-05
7.240000000000000000e+02 1.841827143657478094e-05
7.250000000000000000e+02 1.901243816753242239e-05
7.260000000000000000e+02 1.916973287747472996e-05
7.270000000000000000e+02 1.932728986308044079e-05
7.280000000000000000e+02 1.942985414370846967e-05
7.290000000000000000e+02 1.945143985160690975e-05
7.300000000000000000e+02 1.918188999672744018e-05
7.310000000000000000e+02 1.952283582222538638e-05
7.320000000000000000e+02 1.952548831028856361e-05
7.330000000000000000e+02 1.952975401179203840e-05
7.340000000000000000e+02 1.959382205609415945e-05
7.350000000000000000e+02 1.970796171969722561e-05
7.360000000000000000e+02 1.986601022928086827e-05
7.370000000000000000e+02 1.994357415360075017e-05
7.380000000000000000e+02 1.989903596475147831e-05
7.390000000000000000e+02 1.973264083852536613e-05
7.400000000000000000e+02 1.951771714073524688e-05
7.410000000000000000e+02 1.938304253073262556e-05
7.420000000000000000e+02 1.931449435467208841e-05
7.430000000000000000e+02 1.927678153480384270e-05
7.440000000000000000e+02 1.922493311950697030e-05
7.450000000000000000e+02 1.870790366063710536e-05
7.460000000000000000e+02 1.906286918229329645e-05
7.470000000000000000e+02 1.838115588317228188e-05
7.480000000000000000e+02 1.862902260266643652e-05
7.490000000000000000e+02 1.799570386753010379e-05
7.500000000000000000e+02 1.829695162671392169e-05
7.510000000000000000e+02 1.810806235074168948e-05
7.520000000000000000e+02 1.774958902138380773e-05
7.530000000000000000e+02 1.831444135420188800e-05
7.540000000000000000e+02 1.797902035330013911e-05
7.550000000000000000e+02 1.841213958358845791e-05
7.560000000000000000e+02 1.826467552266100561e-05
7.570000000000000000e+02 1.803200122255567636e-05
7.580000000000000000e+02 1.786060344453789466e-05
7.590000000000000000e+02 1.781619004458729588e-05
7.600000000000000000e+02 1.788636653937531631e-05
7.610000000000000000e+02 1.805093558434443807e-05
7.620000000000000000e+02 1.821647984963620820e-05
7.630000000000000000e+02 1.830322986951012917e-05
7.640000000000000000e+02 1.832002486943794085e-05
7.650000000000000000e+02 1.830308662363019210e-05
7.660000000000000000e+02 1.833089259208127401e-05
7.670000000000000000e+02 1.846104042802326254e-05
7.680000000000000000e+02 1.863225654731433766e-05
7.690000000000000000e+02 1.882943869891990580e-05
7.700000000000000000e+02 1.901230721159730738e-05
7.710000000000000000e+02 1.913171394203628191e-05
7.720000000000000000e+02 1.916840763643201168e-05
7.730000000000000000e+02 1.912411796932908740e-05
7.740000000000000000e+02 1.908877978045648470e-05
7.750000000000000000e+02 1.905602923198505274e-05
7.760000000000000000e+02 1.902091495679291422e-05
7.770000000000000000e+02 1.897279623864455477e-05
7.780000000000000000e+02 1.893497001538106672e-05
7.790000000000000000e+02 1.892004064752673831e-05
7.800000000000000000e+02 1.892267402234403101e-05
7.810000000000000000e+02 1.855337855355316219e-05
7.820000000000000000e+02 1.902298212823695089e-05
7.830000000000000000e+02 1.854581637348004359e-05
7.840000000000000000e+02 1.887159895590960877e-05
7.850000000000000000e+02 1.833419532120832523e-05
7.860000000000000000e+02 1.867670712241893704e-05
7.870000000000000000e+02 1.814851379644308085e-05
7.880000000000000000e+02 1.862768819216609206e-05
7.890000000000000000e+02 1.811900910691668475e-05
7.900000000000000000e+02 1.862645458271880918e-05
7.910000000000000000e+02 1.797433099364303109e-05
7.920000000000000000e+02 1.844751313818653190e-05
7.930000000000000000e+02 1.780824255483254192e-05
7.940000000000000000e+02 1.832570638351357017e-05
7.950000000000000000e+02 1.781154407063411898e-05
7.960000000000000000e+02 1.835837664135322008e-05
7.970000000000000000e+02 1.780679060294736222e-05
7.980000000000000000e+02 1.824146841638447710e-05
7.990000000000000000e+02 1.778120738738871010e-05
8.000000000000000000e+02 1.826819683524374423e-05
8.010000000000000000e+02 1.787185859705832795e-05
8.020000000000000000e+02 1.836914818370999233e-05
8.030000000000000000e+02 1.793623857557761058e-05
8.040000000000000000e+02 1.833932375573522184e-05
8.050000000000000000e+02 1.798966031263946321e-05
8.060000000000000000e+02 1.853949225052052690e-05
8.070000000000000000e+02 1.865406692547926567e-05
8.080000000000000000e+02 1.880104783406009926e-05
8.090000000000000000e+02 1.895545753522634398e-05
8.100000000000000000e+02 1.877614422740514277e-05
8.110000000000000000e+02 1.916310917696360141e-05
8.120000000000000000e+02 1.911541126639958014e-05
8.130000000000000000e+02 1.907280419932325005e-05
8.140000000000000000e+02 1.919553039190326755e-05
8.150000000000000000e+02 1.936909744809201894e-05
8.160000000000000000e+02 1.950677003072237857e-05
8.170000000000000000e+02 1.957678047095638406e-05
8.180000000000000000e+02 1.954337311523169309e-05
8.190000000000000000e+02 1.909882077794559823e-05
8.200000000000000000e+02 1.952918117903622649e-05
8.210000000000000000e+02 1.899930155101519890e-05
8.220000000000000000e+02 1.940539881967115059e-05
8.230000000000000000e+02 1.921464910540857603e-05
8.240000000000000000e+02 1.899615896159594021e-05
8.250000000000000000e+02 1.848446563049280954e-05
8.260000000000000000e+02 1.893465655712929705e-05
8.270000000000000000e+02 1.830006549558510517e-05
8.280000000000000000e+02 1.853974643834181064e-05
8.290000000000000000e+02 1.790420475779348758e-05
8.300000000000000000e+02 1.805875315601982874e-05
8.310000000000000000e+02 1.749585591435308274e-05
8.320000000000000000e+02 1.786117852185307620e-05
8.330000000000000000e+02 1.737729717568418670e-05
8.340000000000000000e+02 1.791581733304975190e-05
8.350000000000000000e+02 1.755069674892495321e-05
8.360000000000000000e+02 1.788059102963576676e-05
8.370000000000000000e+02 1.745579249061149287e-05
8.380000000000000000e+02 1.773510378967110750e-05
8.390000000000000000e+02 1.762924788511732643e-05
8.400000000000000000e+02 1.761065656482455120e-05
8.410000000000000000e+02 1.766705928792631271e-05
8.420000000000000000e+02 1.776052307497390841e-05
8.430000000000000000e+02 1.786938930448707583e-05
8.440000000000000000e+02 1.796555157681395555e-05
8.450000000000000000e+02 1.799754945268482813e-05
8.460000000000000000e+02 1.802783286108090190e-05
8.470000000000000000e+02 1.808820518628988163e-05
8.480000000000000000e+02 1.819853427378859237e-05
8.490000000000000000e+02 1.840899285051139059e-05
8.500000000000000000e+02 1.858764231148245767e-05
8.510000000000000000e+02 1.870347032842509163e-05
8.520000000000000000e+02 1.876997293812066974e-05
8.530000000000000000e+02 1.879427513231869169e-05
8.540000000000000000e+02 1.877823741741387612e-05
8.550000000000000000e+02 1.846541544166277094e-05
8.560000000000000000e+02 1.883175390353164025e-05
8.570000000000000000e+02 1.879555875959312136e-05
8.580000000000000000e+02 1.875546362164500405e-05
8.590000000000000000e+02 1.869682711144220462e-05
8.600000000000000000e+02 1.865958557399516557e-05
8.610000000000000000e+02 1.863088880742594952e-05
8.620000000000000000e+02 1.830429458401765054e-05
8.630000000000000000e+02 1.868976407712850612e-05
8.640000000000000000e+02 1.815171520822572189e-05
8.650000000000000000e+02 1.853710461659639395e-05
8.660000000000000000e+02 1.805555438831081419e-05
8.670000000000000000e+02 1.843382962648047786e-05
8.680000000000000000e+02 1.793912019124960450e-05
8.690000000000000000e+02 1.831385477286582601e-05
8.700000000000000000e+02 1.775950713286959028e-05
8.710000000000000000e+02 1.817792212142176411e-05
8.720000000000000000e+02 1.762289086934716248e-05
8.730000000000000000e+02 1.808851844888353553e-05
8.740000000000000000e+02 1.752683429513676115e-05
8.750000000000000000e+02 1.802505054953369650e-05
8.760000000000000000e+02 1.739247141556182180e-05
8.770000000000000000e+02 1.778635660899109103e-05
8.780000000000000000e+02 1.729830928189048249e-05
8.790000000000000000e+02 1.780859338596570574e-05
8.800000000000000000e+02 1.739476028293784633e-05
8.810000000000000000e+02 1.790294231970645261e-05
8.820000000000000000e+02 1.743550543876238196e-05
8.830000000000000000e+02 1.786464510572873766e-05
8.840000000000000000e+02 1.742096154179004699e-05
8.850000000000000000e+02 1.793585051673012392e-05
8.860000000000000000e+02 1.793388229596004258e-05
8.870000000000000000e+02 1.802836779406249992e-05
8.880000000000000000e+02 1.818890609934493112e-05
8.890000000000000000e+02 1.802528208382633013e-05
8.900000000000000000e+02 1.858733918653805519e-05
8.910000000000000000e+02 1.860098720982004050e-05
8.920000000000000000e+02 1.834280381347371685e-05
8.930000000000000000e+02 1.873877852273595206e-05
8.940000000000000000e+02 1.882034917000054665e-05
8.950000000000000000e+02 1.881748259825383589e-05
8.960000000000000000e+02 1.891695061229955012e-05
8.970000000000000000e+02 1.902960544741657064e-05
8.980000000000000000e+02 1.912258853406548052e-05
8.990000000000000000e+02 1.916409176596716479e-05
9.000000000000000000e+02 1.915675357444373563e-05
9.010000000000000000e+02 1.911081920173776118e-05
9.020000000000000000e+02 1.907538509628026931e-05
9.030000000000000000e+02 1.903852984757451310e-05
9.040000000000000000e+02 1.901337476557124980e-05
9.050000000000000000e+02 1.899612136696510840e-05
9.060000000000000000e+02 1.858596731225463803e-05
9.070000000000000000e+02 1.895794498456696481e-05
9.080000000000000000e+02 1.823294339898251041e-05
9.090000000000000000e+02 1.838839294203494266e-05
9.100000000000000000e+02 1.770787768583358604e-05
9.110000000000000000e+02 1.798877602327905457e-05
9.120000000000000000e+02 1.742264251998515737e-05
9.130000000000000000e+02 1.784049934493192838e-05
9.140000000000000000e+02 1.728836911786940227e-05
9.150000000000000000e+02 1.770376225628322929e-05
9.160000000000000000e+02 1.713758110934543615e-05
9.170000000000000000e+02 1.753769203305924321e-05
9.180000000000000000e+02 1.741942042146002941e-05
9.190000000000000000e+02 1.703649511682349044e-05
9.200000000000000000e+02 1.745379328194947158e-05
9.210000000000000000e+02 1.716345455622620436e-05
9.220000000000000000e+02 1.755500342464363258e-05
9.230000000000000000e+02 1.753199203759726055e-05
9.240000000000000000e+02 1.753477016051764427e-05
9.250000000000000000e+02 1.757075174460985933e-05
9.260000000000000000e+02 1.764017784326759580e-05
9.270000000000000000e+02 1.769385473897405829e-05
9.280000000000000000e+02 1.774968595566261148e-05
9.290000000000000000e+02 1.783610554808923705e-05
9.300000000000000000e+02 1.799480720442051411e-05
9.310000000000000000e+02 1.827727259914230294e-05
9.320000000000000000e+02 1.851013528822307896e-05
9.330000000000000000e+02 1.863748839115705324e-05
9.340000000000000000e+02 1.864681247292004153e-05
9.350000000000000000e+02 1.857602913586749220e-05
9.360000000000000000e+02 1.825580440336648804e-05
9.370000000000000000e+02 1.861895528446199459e-05
9.380000000000000000e+02 1.867527724835020005e-05
9.390000000000000000e+02 1.873701277822259592e-05
9.400000000000000000e+02 1.877704822924952606e-05
9.410000000000000000e+02 1.871358846022144060e-05
9.420000000000000000e+02 1.860656067959036932e-05
9.430000000000000000e+02 1.818633339719693322e-05
9.440000000000000000e+02 1.846511107247306787e-05
9.450000000000000000e+02 1.800671475129870505e-05
9.460000000000000000e+02 1.842590465481763434e-05
9.470000000000000000e+02 1.826984694293376510e-05
9.480000000000000000e+02 1.811378901888566599e-05
9.490000000000000000e+02 1.773721486086284228e-05
9.500000000000000000e+02 1.810916900636337353e-05
9.510000000000000000e+02 1.767161843055275726e-05
9.520000000000000000e+02 1.810947727581530377e-05
9.530000000000000000e+02 1.753995963970872053e-05
9.540000000000000000e+02 1.786210593042159600e-05
9.550000000000000000e+02 1.731725902084362977e-05
9.560000000000000000e+02 1.777580138821139113e-05
9.570000000000000000e+02 1.772647479996925491e-05
9.580000000000000000e+02 1.732648203135119487e-05
9.590000000000000000e+02 1.787269462150940802e-05
9.600000000000000000e+02 1.735530090739143732e-05
9.610000000000000000e+02 1.767582047798798927e-05
9.620000000000000000e+02 1.719443469967649795e-05
9.630000000000000000e+02 1.761393301182357822e-05
9.640000000000000000e+02 1.719982962449603345e-05
9.650000000000000000e+02 1.769872804080884840e-05
9.660000000000000000e+02 1.732779656356659459e-05
9.670000000000000000e+02 1.779938958445094902e-05
9.680000000000000000e+02 1.746280223163806320e-05
9.690000000000000000e+02 1.798145346502209632e-05
9.700000000000000000e+02 1.797807208982724091e-05
9.710000000000000000e+02 1.798889282129089562e-05
9.720000000000000000e+02 1.806448483729226063e-05
9.730000000000000000e+02 1.794071382875178557e-05
9.740000000000000000e+02 1.841425187405430132e-05
9.750000000000000000e+02 1.852966031916596548e-05
9.760000000000000000e+02 1.863324057478268954e-05
9.770000000000000000e+02 1.863936892791189729e-05
9.780000000000000000e+02 1.867444977257455940e-05
9.790000000000000000e+02 1.844093279189366969e-05
9.800000000000000000e+02 1.886923206527913829e-05
9.810000000000000000e+02 1.885813004812231374e-05
9.820000000000000000e+02 1.884027954591922183e-05
9.830000000000000000e+02 1.885372018447034211e-05
9.840000000000000000e+02 1.890754343606267730e-05
9.850000000000000000e+02 1.890993995100000060e-05
9.860000000000000000e+02 1.883672043232519628e-05
9.870000000000000000e+02 1.869580477732766757e-05
9.880000000000000000e+02 1.820674803461172218e-05
9.890000000000000000e+02 1.850826725326817402e-05
9.900000000000000000e+02 1.830650346197512014e-05
9.910000000000000000e+02 1.810885181877260573e-05
9.920000000000000000e+02 1.789923529617303084e-05
9.930000000000000000e+02 1.738666020901968238e-05
9.940000000000000000e+02 1.768986106988539671e-05
9.950000000000000000e+02 1.717440505516991530e-05
9.960000000000000000e+02 1.753328853942829834e-05
9.970000000000000000e+02 1.702216572619604220e-05
9.980000000000000000e+02 1.741660189280109318e-05
9.990000000000000000e+02 1.695544429204663388e-05
1.000000000000000000e+03 1.726840125145966202e-05
