1.000000000000000000e+00 3.262918059895722538e-05
2.000000000000000000e+00 9.999999999999998890e-01
3.000000000000000000e+00 2.340780632050878940e-01
4.000000000000000000e+00 5.854843593432969007e-01
5.000000000000000000e+00 7.117502365284075205e-01
6.000000000000000000e+00 5.077128623176953015e-01
7.000000000000000000e+00 3.759675612069642292e-01
8.000000000000000000e+00 2.938717953197259036e-01
9.000000000000000000e+00 2.223516272290472218e-01
1.000000000000000000e+01 1.802674350841668716e-01
1.100000000000000000e+01 1.563927193672117744e-01
1.200000000000000000e+01 1.330330520966621910e-01
1.300000000000000000e+01 1.156213355885407496e-01
1.400000000000000000e+01 1.064466797191871705e-01
1.500000000000000000e+01 1.036935402541162982e-01
1.600000000000000000e+01 1.017671561916279749e-01
1.700000000000000000e+01 1.002642385407595538e-01
1.800000000000000000e+01 8.588577934192170860e-02
1.900000000000000000e+01 7.967262412164526075e-02
2.000000000000000000e+01 7.385100931960136839e-02
2.100000000000000000e+01 6.144162077615625273e-02
2.200000000000000000e+01 5.233226867096481966e-02
2.300000000000000000e+01 4.581341726651260576e-02
2.400000000000000000e+01 4.065473776581680909e-02
2.500000000000000000e+01 3.679631123089843747e-02
2.600000000000000000e+01 3.368554866240675710e-02
2.700000000000000000e+01 3.021336212866673754e-02
2.800000000000000000e+01 2.773117652917307663e-02
2.900000000000000000e+01 2.600445698693904656e-02
3.000000000000000000e+01 2.438047124254862086e-02
3.100000000000000000e+01 2.352403668177383694e-02
3.200000000000000000e+01 2.250006576607404413e-02
3.300000000000000000e+01 2.138427457093861409e-02
3.400000000000000000e+01 2.013172822476758106e-02
3.500000000000000000e+01 1.885504845873660004e-02
3.600000000000000000e+01 1.779130731860215087e-02
3.700000000000000000e+01 1.681545451446199088e-02
3.800000000000000000e+01 1.587360447188292459e-02
3.900000000000000000e+01 1.529142900997720184e-02
4.000000000000000000e+01 1.457519981677807101e-02
4.100000000000000000e+01 1.384245952567626954e-02
4.200000000000000000e+01 1.304241391897349549e-02
4.300000000000000000e+01 1.225263235768419938e-02
4.400000000000000000e+01 1.153368224588721506e-02
4.500000000000000000e+01 1.090643406505098674e-02
4.600000000000000000e+01 1.037378312161209813e-02
4.700000000000000000e+01 9.888448082103875117e-03
4.800000000000000000e+01 9.389414790996761587e-03
4.900000000000000000e+01 8.865066869554362114e-03
5.000000000000000000e+01 8.405594792213850683e-03
5.100000000000000000e+01 7.969747401584847957e-03
5.200000000000000000e+01 7.571983961448531912e-03
5.300000000000000000e+01 7.120857601734821227e-03
5.400000000000000000e+01 6.779482957837700517e-03
5.500000000000000000e+01 6.451605064920326940e-03
5.600000000000000000e+01 6.229660412486095339e-03
5.700000000000000000e+01 6.013384970878915547e-03
5.800000000000000000e+01 5.897948554720703479e-03
5.900000000000000000e+01 5.759683163118629531e-03
6.000000000000000000e+01 5.663769408673935760e-03
6.100000000000000000e+01 5.592079538899443966e-03
6.200000000000000000e+01 5.537279407742155997e-03
6.300000000000000000e+01 5.512684224278885728e-03
6.400000000000000000e+01 5.434278203961842059e-03
6.500000000000000000e+01 5.384102250117837017e-03
6.600000000000000000e+01 5.308793910159081801e-03
6.700000000000000000e+01 5.218130580186759390e-03
6.800000000000000000e+01 5.120210806153234484e-03
6.900000000000000000e+01 5.018352352798844188e-03
7.000000000000000000e+01 4.923552151157423694e-03
7.100000000000000000e+01 4.828050668023363586e-03
7.200000000000000000e+01 4.730380834726393216e-03
7.300000000000000000e+01 4.652906328605628875e-03
7.400000000000000000e+01 4.547629004665291672e-03
7.500000000000000000e+01 4.430280066430710741e-03
7.600000000000000000e+01 4.281568510128150144e-03
7.700000000000000000e+01 4.136355622807161292e-03
7.800000000000000000e+01 3.970569993732307561e-03
7.900000000000000000e+01 3.815281508537375632e-03
8.000000000000000000e+01 3.642576867098975754e-03
8.100000000000000000e+01 3.507179175407966823e-03
8.200000000000000000e+01 3.377182948667336367e-03
8.300000000000000000e+01 3.260621369715660869e-03
8.400000000000000000e+01 3.165034463410227889e-03
8.500000000000000000e+01 3.077998192621601153e-03
8.600000000000000000e+01 3.001781420293962634e-03
8.700000000000000000e+01 2.917808873384539203e-03
8.800000000000000000e+01 2.879832930733010766e-03
8.900000000000000000e+01 2.845570218881914287e-03
9.000000000000000000e+01 2.870008202861529505e-03
9.100000000000000000e+01 2.904315062302693148e-03
9.200000000000000000e+01 2.982433758541802767e-03
9.300000000000000000e+01 3.046602415302821464e-03
9.400000000000000000e+01 3.123138570440890834e-03
9.500000000000000000e+01 3.167182086879580076e-03
9.600000000000000000e+01 3.200548688160987070e-03
9.700000000000000000e+01 3.193531281481380626e-03
9.800000000000000000e+01 3.196357208120862055e-03
9.900000000000000000e+01 3.161080134822874359e-03
1.000000000000000000e+02 3.105449371382921955e-03
1.010000000000000000e+02 3.015952421683180257e-03
1.020000000000000000e+02 2.913712668989893156e-03
1.030000000000000000e+02 2.790915959538678697e-03
1.040000000000000000e+02 2.667391989477846739e-03
1.050000000000000000e+02 2.515504147680882284e-03
1.060000000000000000e+02 2.367157039104817416e-03
1.070000000000000000e+02 2.197502359261557184e-03
1.080000000000000000e+02 2.039739149786612415e-03
1.090000000000000000e+02 1.883951033830821853e-03
1.100000000000000000e+02 1.760137695247951167e-03
1.110000000000000000e+02 1.648317749368906609e-03
1.120000000000000000e+02 1.560863216801664519e-03
1.130000000000000000e+02 1.489858578479211302e-03
1.140000000000000000e+02 1.428353023643304373e-03
1.150000000000000000e+02 1.370475463919499509e-03
1.160000000000000000e+02 1.315979960448659730e-03
1.170000000000000000e+02 1.264862337743564297e-03
1.180000000000000000e+02 1.221233145278230372e-03
1.190000000000000000e+02 1.186961716004037576e-03
1.200000000000000000e+02 1.161553103769534913e-03
1.210000000000000000e+02 1.141347258407134904e-03
1.220000000000000000e+02 1.125952887742794149e-03
1.230000000000000000e+02 1.114208718226453567e-03
1.240000000000000000e+02 1.103121353605982262e-03
1.250000000000000000e+02 1.093275216408287013e-03
1.260000000000000000e+02 1.092662202119992288e-03
1.270000000000000000e+02 1.079534060126194220e-03
1.280000000000000000e+02 1.069678697612017537e-03
1.290000000000000000e+02 1.059989089220523878e-03
1.300000000000000000e+02 1.055005242632895465e-03
1.310000000000000000e+02 1.033573094818263788e-03
1.320000000000000000e+02 1.011448658953002702e-03
1.330000000000000000e+02 9.927375012534461318e-04
1.340000000000000000e+02 9.576131145449550720e-04
1.350000000000000000e+02 9.282409251515426037e-04
1.360000000000000000e+02 8.886831656216229993e-04
1.370000000000000000e+02 8.589784884715965466e-04
1.380000000000000000e+02 8.239579441710679882e-04
1.390000000000000000e+02 8.015436339479623147e-04
1.400000000000000000e+02 7.745322025685997831e-04
1.410000000000000000e+02 7.606231004365159682e-04
1.420000000000000000e+02 7.398907242045110223e-04
1.430000000000000000e+02 7.286789955138932903e-04
1.440000000000000000e+02 7.088955216898463465e-04
1.450000000000000000e+02 6.953525111826751749e-04
1.460000000000000000e+02 6.734570546989850602e-04
1.470000000000000000e+02 6.593326279727724105e-04
1.480000000000000000e+02 6.396769622609625814e-04
1.490000000000000000e+02 6.320478972533943602e-04
1.500000000000000000e+02 6.178972507054140669e-04
1.510000000000000000e+02 6.136268642591034481e-04
1.520000000000000000e+02 6.032336332394752903e-04
1.530000000000000000e+02 5.984948091297686993e-04
1.540000000000000000e+02 5.858473825405683582e-04
1.550000000000000000e+02 5.762275012889036272e-04
1.560000000000000000e+02 5.591784651709227416e-04
1.570000000000000000e+02 5.462516841869761563e-04
1.580000000000000000e+02 5.281841399428130988e-04
1.590000000000000000e+02 5.142043210812510898e-04
1.600000000000000000e+02 4.958987234135812504e-04
1.610000000000000000e+02 4.826045032680248317e-04
1.620000000000000000e+02 4.652162555897152037e-04
1.630000000000000000e+02 4.544553847966286819e-04
1.640000000000000000e+02 4.399670021252644124e-04
1.650000000000000000e+02 4.318602528114614376e-04
1.660000000000000000e+02 4.197947253252508424e-04
1.670000000000000000e+02 4.129237318956381067e-04
1.680000000000000000e+02 4.017637638264581605e-04
1.690000000000000000e+02 3.939733105010382827e-04
1.700000000000000000e+02 3.894863279105230934e-04
1.710000000000000000e+02 3.800917806727496882e-04
1.720000000000000000e+02 3.742964744762715683e-04
1.730000000000000000e+02 3.717941479107648517e-04
1.740000000000000000e+02 3.641657161907549834e-04
1.750000000000000000e+02 3.598162563057966806e-04
1.760000000000000000e+02 3.563941076387687782e-04
1.770000000000000000e+02 3.566523493884845067e-04
1.780000000000000000e+02 3.512492586242768719e-04
1.790000000000000000e+02 3.487551985111751263e-04
1.800000000000000000e+02 3.462013999080726682e-04
1.810000000000000000e+02 3.439489352394198242e-04
1.820000000000000000e+02 3.419192460820262200e-04
1.830000000000000000e+02 3.400483515625074798e-04
1.840000000000000000e+02 3.381955065732400174e-04
1.850000000000000000e+02 3.362905424240406819e-04
1.860000000000000000e+02 3.333878666991516677e-04
1.870000000000000000e+02 3.303403133722245845e-04
1.880000000000000000e+02 3.269836765822650769e-04
1.890000000000000000e+02 3.234268638648192811e-04
1.900000000000000000e+02 3.196416691264374835e-04
1.910000000000000000e+02 3.155617354916722414e-04
1.920000000000000000e+02 3.116352725376134560e-04
1.930000000000000000e+02 3.076187874101215971e-04
1.940000000000000000e+02 3.030538064279761682e-04
1.950000000000000000e+02 2.983553541058951448e-04
1.960000000000000000e+02 2.937380007135702471e-04
1.970000000000000000e+02 2.894218051702914353e-04
1.980000000000000000e+02 2.854506729755490664e-04
1.990000000000000000e+02 2.814388064531832701e-04
2.000000000000000000e+02 2.775060689542666764e-04
2.010000000000000000e+02 2.739881921513043824e-04
2.020000000000000000e+02 2.709629716393644242e-04
2.030000000000000000e+02 2.685570857005065842e-04
2.040000000000000000e+02 2.665806538796359148e-04
2.050000000000000000e+02 2.645827415289482933e-04
2.060000000000000000e+02 2.643106327831885546e-04
2.070000000000000000e+02 2.655388965473815866e-04
2.080000000000000000e+02 2.705904930400177986e-04
2.090000000000000000e+02 2.713731534447386237e-04
2.100000000000000000e+02 2.748628675680322921e-04
2.110000000000000000e+02 2.823975934043974380e-04
2.120000000000000000e+02 2.854831498189939662e-04
2.130000000000000000e+02 2.935416312813229791e-04
2.140000000000000000e+02 2.979928819376973133e-04
2.150000000000000000e+02 3.067955873369521917e-04
2.160000000000000000e+02 3.119688933962798936e-04
2.170000000000000000e+02 3.207944965300620261e-04
2.180000000000000000e+02 3.257623665262593241e-04
2.190000000000000000e+02 3.339889067595957551e-04
2.200000000000000000e+02 3.375826079736671324e-04
2.210000000000000000e+02 3.442758429073718368e-04
2.220000000000000000e+02 3.477488884393006895e-04
2.230000000000000000e+02 3.540793556832525272e-04
2.240000000000000000e+02 3.567096468980696469e-04
2.250000000000000000e+02 3.616594556929545769e-04
2.260000000000000000e+02 3.636726493131791217e-04
2.270000000000000000e+02 3.683449921107139987e-04
2.280000000000000000e+02 3.699109777384990919e-04
2.290000000000000000e+02 3.734334467631419442e-04
2.300000000000000000e+02 3.740250514512960750e-04
2.310000000000000000e+02 3.766384173394934161e-04
2.320000000000000000e+02 3.766964941109325485e-04
2.330000000000000000e+02 3.778352963932541547e-04
2.340000000000000000e+02 3.757583393724430875e-04
2.350000000000000000e+02 3.756410383438501394e-04
2.360000000000000000e+02 3.727907070642387695e-04
2.370000000000000000e+02 3.719914921201327405e-04
2.380000000000000000e+02 3.685749468508272750e-04
2.390000000000000000e+02 3.670312638609914092e-04
2.400000000000000000e+02 3.630501165745065738e-04
2.410000000000000000e+02 3.616137984999351134e-04
2.420000000000000000e+02 3.569314796664956524e-04
2.430000000000000000e+02 3.541089315590778205e-04
2.440000000000000000e+02 3.490984944093508593e-04
2.450000000000000000e+02 3.463242674376870809e-04
2.460000000000000000e+02 3.414562380461571862e-04
2.470000000000000000e+02 3.385426811026763733e-04
2.480000000000000000e+02 3.332876333399324557e-04
2.490000000000000000e+02 3.299338072477018711e-04
2.500000000000000000e+02 3.251639893183071845e-04
2.510000000000000000e+02 3.220724671998485941e-04
2.520000000000000000e+02 3.173474020240681114e-04
2.530000000000000000e+02 3.137957821168880861e-04
2.540000000000000000e+02 3.086876429543861100e-04
2.550000000000000000e+02 3.048095613501113207e-04
2.560000000000000000e+02 2.997426605161291279e-04
2.570000000000000000e+02 2.958934733947643416e-04
2.580000000000000000e+02 2.911132380703367896e-04
2.590000000000000000e+02 2.874233939000349607e-04
2.600000000000000000e+02 2.829351511496636952e-04
2.610000000000000000e+02 2.794751880423225476e-04
2.620000000000000000e+02 2.751640132035439949e-04
2.630000000000000000e+02 2.711931815563447504e-04
2.640000000000000000e+02 2.662997344987215616e-04
2.650000000000000000e+02 2.623174097328599750e-04
2.660000000000000000e+02 2.572928853825922767e-04
2.670000000000000000e+02 2.536204381025098102e-04
2.680000000000000000e+02 2.490207357454440320e-04
2.690000000000000000e+02 2.455506999020105668e-04
2.700000000000000000e+02 2.409008611260500250e-04
2.710000000000000000e+02 2.376289094631243938e-04
2.720000000000000000e+02 2.331597618546747328e-04
2.730000000000000000e+02 2.302167326557391300e-04
2.740000000000000000e+02 2.258386537217843754e-04
2.750000000000000000e+02 2.229194522744258080e-04
2.760000000000000000e+02 2.185116365584004552e-04
2.770000000000000000e+02 2.157296968745869338e-04
2.780000000000000000e+02 2.111588997894947573e-04
2.790000000000000000e+02 2.083964865515383863e-04
2.800000000000000000e+02 2.033548867865029176e-04
2.810000000000000000e+02 2.004839845249489229e-04
2.820000000000000000e+02 1.951372322717932555e-04
2.830000000000000000e+02 1.923043935110211255e-04
2.840000000000000000e+02 1.869266235767506933e-04
2.850000000000000000e+02 1.845534432043969360e-04
2.860000000000000000e+02 1.796888395704601151e-04
2.870000000000000000e+02 1.776215404169609227e-04
2.880000000000000000e+02 1.728130356416100115e-04
2.890000000000000000e+02 1.709914113732121364e-04
2.900000000000000000e+02 1.661037395847777436e-04
2.910000000000000000e+02 1.643724526607632337e-04
2.920000000000000000e+02 1.594212670809555814e-04
2.930000000000000000e+02 1.575941710813352650e-04
2.940000000000000000e+02 1.526572059434807736e-04
2.950000000000000000e+02 1.511406644127404758e-04
2.960000000000000000e+02 1.462981264323801912e-04
2.970000000000000000e+02 1.448901053560685452e-04
2.980000000000000000e+02 1.403816113546569450e-04
2.990000000000000000e+02 1.392281741199523186e-04
3.000000000000000000e+02 1.348636309425386255e-04
3.010000000000000000e+02 1.341127566948360013e-04
3.020000000000000000e+02 1.299917541112449216e-04
3.030000000000000000e+02 1.274894146753664716e-04
3.040000000000000000e+02 1.273896852301959859e-04
3.050000000000000000e+02 1.234786893647481731e-04
3.060000000000000000e+02 1.232976278883693856e-04
3.070000000000000000e+02 1.199931138557322165e-04
3.080000000000000000e+02 1.199381785549508432e-04
3.090000000000000000e+02 1.167995336271740963e-04
3.100000000000000000e+02 1.168713646465994278e-04
3.110000000000000000e+02 1.137849908959658729e-04
3.120000000000000000e+02 1.139708586042577143e-04
3.130000000000000000e+02 1.110689045640040105e-04
3.140000000000000000e+02 1.112276729711777644e-04
3.150000000000000000e+02 1.085930186043593542e-04
3.160000000000000000e+02 1.085980104241179823e-04
3.170000000000000000e+02 1.057982090690109701e-04
3.180000000000000000e+02 1.057375152778778282e-04
3.190000000000000000e+02 1.028510729949288355e-04
3.200000000000000000e+02 1.025576638869375989e-04
3.210000000000000000e+02 9.967377788100485509e-05
3.220000000000000000e+02 9.931520397424325108e-05
3.230000000000000000e+02 9.644431419211862511e-05
3.240000000000000000e+02 9.621420712774647025e-05
3.250000000000000000e+02 9.322631880323541608e-05
3.260000000000000000e+02 9.276036123239233253e-05
3.270000000000000000e+02 8.966292639097781425e-05
3.280000000000000000e+02 8.906567217905067633e-05
3.290000000000000000e+02 8.579296241168618748e-05
3.300000000000000000e+02 8.508683825947021076e-05
3.310000000000000000e+02 8.190254323282581805e-05
3.320000000000000000e+02 8.160650986494851064e-05
3.330000000000000000e+02 7.880409645914923438e-05
3.340000000000000000e+02 7.857151809686737298e-05
3.350000000000000000e+02 7.584769460673163727e-05
3.360000000000000000e+02 7.569640947076395157e-05
3.370000000000000000e+02 7.292549295543154461e-05
3.380000000000000000e+02 7.277982599920860879e-05
3.390000000000000000e+02 7.009782694064356869e-05
3.400000000000000000e+02 7.028011392939420988e-05
3.410000000000000000e+02 6.810369193359758525e-05
3.420000000000000000e+02 6.881143259505049549e-05
3.430000000000000000e+02 6.702366247664589974e-05
3.440000000000000000e+02 6.761223895903387788e-05
3.450000000000000000e+02 6.585234896983431789e-05
3.460000000000000000e+02 6.623154901401096689e-05
3.470000000000000000e+02 6.457706516187855332e-05
3.480000000000000000e+02 6.518797150454536040e-05
3.490000000000000000e+02 6.403284199688276575e-05
3.500000000000000000e+02 6.486376888060342409e-05
3.510000000000000000e+02 6.391861548329656512e-05
3.520000000000000000e+02 6.483651777803727022e-05
3.530000000000000000e+02 6.385582491512507722e-05
3.540000000000000000e+02 6.451644902898280966e-05
3.550000000000000000e+02 6.332388292461597738e-05
3.560000000000000000e+02 6.395383954335640009e-05
3.570000000000000000e+02 6.286455503162245522e-05
3.580000000000000000e+02 6.347402393463035572e-05
3.590000000000000000e+02 6.323355542894624017e-05
3.600000000000000000e+02 6.201064981027882520e-05
3.610000000000000000e+02 6.272137410159364104e-05
3.620000000000000000e+02 6.132251283957772302e-05
3.630000000000000000e+02 6.188641576307983094e-05
3.640000000000000000e+02 6.002756139668189491e-05
3.650000000000000000e+02 6.068969131587761181e-05
3.660000000000000000e+02 5.887426038572206376e-05
3.670000000000000000e+02 6.001876543316907100e-05
3.680000000000000000e+02 5.839688838318885254e-05
3.690000000000000000e+02 5.972850742889332522e-05
3.700000000000000000e+02 5.782982507321336892e-05
3.710000000000000000e+02 5.882043882798268915e-05
3.720000000000000000e+02 5.638836053010099527e-05
3.730000000000000000e+02 5.718094136489595812e-05
3.740000000000000000e+02 5.476668774482435100e-05
3.750000000000000000e+02 5.613234124471213162e-05
3.760000000000000000e+02 5.404916991689204990e-05
3.770000000000000000e+02 5.602197991168146558e-05
3.780000000000000000e+02 5.411994992276503554e-05
3.790000000000000000e+02 5.618499111177440705e-05
3.800000000000000000e+02 5.416356669961760106e-05
3.810000000000000000e+02 5.608001390714394883e-05
3.820000000000000000e+02 5.415908588679426642e-05
3.830000000000000000e+02 5.630161878158488562e-05
3.840000000000000000e+02 5.485869191829300154e-05
3.850000000000000000e+02 5.692592332887692625e-05
3.860000000000000000e+02 5.555812813257539714e-05
3.870000000000000000e+02 5.708396903144073763e-05
3.880000000000000000e+02 5.581835600290755280e-05
3.890000000000000000e+02 5.714555084518764235e-05
3.900000000000000000e+02 5.603208867670113585e-05
3.910000000000000000e+02 5.726444974658342609e-05
3.920000000000000000e+02 5.624955675955715505e-05
3.930000000000000000e+02 5.740190152976459972e-05
3.940000000000000000e+02 5.671079682268632851e-05
3.950000000000000000e+02 5.808423669993308613e-05
3.960000000000000000e+02 5.835944193020118227e-05
3.970000000000000000e+02 5.773403995344879980e-05
3.980000000000000000e+02 5.862306904756309521e-05
3.990000000000000000e+02 5.847046609420884989e-05
4.000000000000000000e+02 5.743370599899280508e-05
4.010000000000000000e+02 5.800668313881353642e-05
4.020000000000000000e+02 5.776903505311954803e-05
4.030000000000000000e+02 5.749772047260234272e-05
4.040000000000000000e+02 5.722217334719457863e-05
4.050000000000000000e+02 5.687380702073822951e-05
4.060000000000000000e+02 5.540213039184798332e-05
4.070000000000000000e+02 5.648348362326870522e-05
4.080000000000000000e+02 5.449127534220289242e-05
4.090000000000000000e+02 5.566692050094717935e-05
4.100000000000000000e+02 5.342668210334920585e-05
4.110000000000000000e+02 5.457447518417761311e-05
4.120000000000000000e+02 5.238717577234352379e-05
4.130000000000000000e+02 5.375544073263025804e-05
4.140000000000000000e+02 5.144036968688891874e-05
4.150000000000000000e+02 5.247926087763144469e-05
4.160000000000000000e+02 5.038246230414972118e-05
4.170000000000000000e+02 5.166957330845367178e-05
4.180000000000000000e+02 4.916189676426503820e-05
4.190000000000000000e+02 5.034400050136014770e-05
4.200000000000000000e+02 4.817455394120312532e-05
4.210000000000000000e+02 4.929254061272541829e-05
4.220000000000000000e+02 4.777599218219096895e-05
4.230000000000000000e+02 4.961059441684242244e-05
4.240000000000000000e+02 4.761287788809256770e-05
4.250000000000000000e+02 4.916871079876496760e-05
4.260000000000000000e+02 4.765753626347461351e-05
4.270000000000000000e+02 4.912394996017458012e-05
4.280000000000000000e+02 4.810865166895702470e-05
4.290000000000000000e+02 4.963996979236119308e-05
4.300000000000000000e+02 4.990454737403479928e-05
4.310000000000000000e+02 4.923825698929307145e-05
4.320000000000000000e+02 5.046036695501163931e-05
4.330000000000000000e+02 5.057856527543893422e-05
4.340000000000000000e+02 5.072453759846223148e-05
4.350000000000000000e+02 5.088788739417444143e-05
4.360000000000000000e+02 5.116857735221349126e-05
4.370000000000000000e+02 5.143082622555468242e-05
4.380000000000000000e+02 5.179061616963070308e-05
4.390000000000000000e+02 5.209894722292067291e-05
4.400000000000000000e+02 5.238589445660656746e-05
4.410000000000000000e+02 5.259455041592284641e-05
4.420000000000000000e+02 5.281049897664982502e-05
4.430000000000000000e+02 5.275065093849797676e-05
4.440000000000000000e+02 5.270542910093791231e-05
4.450000000000000000e+02 5.256147249275581128e-05
4.460000000000000000e+02 5.236327329926653202e-05
4.470000000000000000e+02 5.210179777518318938e-05
4.480000000000000000e+02 5.187998382169368370e-05
4.490000000000000000e+02 5.171547297599887006e-05
4.500000000000000000e+02 5.152584278989343492e-05
4.510000000000000000e+02 5.040864270807431102e-05
4.520000000000000000e+02 5.168745740845657181e-05
4.530000000000000000e+02 4.994226406061991126e-05
4.540000000000000000e+02 5.088082716401608836e-05
4.550000000000000000e+02 4.891006953031684510e-05
4.560000000000000000e+02 4.991614007412555147e-05
4.570000000000000000e+02 4.821657326813827573e-05
4.580000000000000000e+02 4.969360464968896723e-05
4.590000000000000000e+02 4.783927233669584515e-05
4.600000000000000000e+02 4.953489527352266503e-05
4.610000000000000000e+02 4.746355730178043741e-05
4.620000000000000000e+02 4.891875966995775293e-05
4.630000000000000000e+02 4.681443955327434215e-05
4.640000000000000000e+02 4.826383241314386179e-05
4.650000000000000000e+02 4.651871234022390058e-05
4.660000000000000000e+02 4.823203382745550722e-05
4.670000000000000000e+02 4.693543028922791082e-05
4.680000000000000000e+02 4.864286416448594089e-05
4.690000000000000000e+02 4.741869769420858525e-05
4.700000000000000000e+02 4.893706500244129161e-05
4.710000000000000000e+02 4.770928162172863643e-05
4.720000000000000000e+02 4.877604049908086355e-05
4.730000000000000000e+02 4.779533799330462152e-05
4.740000000000000000e+02 4.902277056343913255e-05
4.750000000000000000e+02 4.927980056315161211e-05
4.760000000000000000e+02 4.965014773998935787e-05
4.770000000000000000e+02 5.012845888449967904e-05
4.780000000000000000e+02 5.048667078299133083e-05
4.790000000000000000e+02 5.057911715835112029e-05
4.800000000000000000e+02 5.046309495580318389e-05
4.810000000000000000e+02 5.024236032419726882e-05
4.820000000000000000e+02 5.012933500258077762e-05
4.830000000000000000e+02 5.019443799502744125e-05
4.840000000000000000e+02 5.034084355636596998e-05
4.850000000000000000e+02 5.051236870204454249e-05
4.860000000000000000e+02 5.051346694166893362e-05
4.870000000000000000e+02 5.020553969619726958e-05
4.880000000000000000e+02 4.967933831594638724e-05
4.890000000000000000e+02 4.921021723150499909e-05
4.900000000000000000e+02 4.859630899422198052e-05
4.910000000000000000e+02 4.816157764379493377e-05
4.920000000000000000e+02 4.780665589647752089e-05
4.930000000000000000e+02 4.747806598507877161e-05
4.940000000000000000e+02 4.717177087156259365e-05
4.950000000000000000e+02 4.683501525354529508e-05
4.960000000000000000e+02 4.533891538593811602e-05
4.970000000000000000e+02 4.622848855184273777e-05
4.980000000000000000e+02 4.548949379405446480e-05
4.990000000000000000e+02 4.380202760756747560e-05
5.000000000000000000e+02 4.508262057120943685e-05
5.010000000000000000e+02 4.386752260262047213e-05
5.020000000000000000e+02 4.543430264832683610e-05
5.030000000000000000e+02 4.456916102416959058e-05
5.040000000000000000e+02 4.602896199985491882e-05
5.050000000000000000e+02 4.442299626001030259e-05
5.060000000000000000e+02 4.552751021039122195e-05
5.070000000000000000e+02 4.411385936757605196e-05
5.080000000000000000e+02 4.525302437519062925e-05
5.090000000000000000e+02 4.530391968673509636e-05
5.100000000000000000e+02 4.469914179161908199e-05
5.110000000000000000e+02 4.624386957245050177e-05
5.120000000000000000e+02 4.581389480141235122e-05
5.130000000000000000e+02 4.705307296237061347e-05
5.140000000000000000e+02 4.691592439183322132e-05
5.150000000000000000e+02 4.666136669973542934e-05
5.160000000000000000e+02 4.650334204865709005e-05
5.170000000000000000e+02 4.656315151160128748e-05
5.180000000000000000e+02 4.631084151025624833e-05
5.190000000000000000e+02 4.762224589414566106e-05
5.200000000000000000e+02 4.806621981232559197e-05
5.210000000000000000e+02 4.817224724889393787e-05
5.220000000000000000e+02 4.800321859665163164e-05
5.230000000000000000e+02 4.766472181310509200e-05
5.240000000000000000e+02 4.733226676600391320e-05
5.250000000000000000e+02 4.688853021541327764e-05
5.260000000000000000e+02 4.671403960337775391e-05
5.270000000000000000e+02 4.666825071223816871e-05
5.280000000000000000e+02 4.671735244540233082e-05
5.290000000000000000e+02 4.671468970511355109e-05
5.300000000000000000e+02 4.662753971735695359e-05
5.310000000000000000e+02 4.640258537785683143e-05
5.320000000000000000e+02 4.521040541018424654e-05
5.330000000000000000e+02 4.595608209247647145e-05
5.340000000000000000e+02 4.466847569220039240e-05
5.350000000000000000e+02 4.552893135508803799e-05
5.360000000000000000e+02 4.403432097349836211e-05
5.370000000000000000e+02 4.498387140798536092e-05
5.380000000000000000e+02 4.370893554338389390e-05
5.390000000000000000e+02 4.478777262025382297e-05
5.400000000000000000e+02 4.316576399205592277e-05
5.410000000000000000e+02 4.432356443439758607e-05
5.420000000000000000e+02 4.249364473811972589e-05
5.430000000000000000e+02 4.364491761039267649e-05
5.440000000000000000e+02 4.222639687987736316e-05
5.450000000000000000e+02 4.386633908700429408e-05
5.460000000000000000e+02 4.287635619315165511e-05
5.470000000000000000e+02 4.496240328671547885e-05
5.480000000000000000e+02 4.369403810716236930e-05
5.490000000000000000e+02 4.521519109733173171e-05
5.500000000000000000e+02 4.364164633358904379e-05
5.510000000000000000e+02 4.458833965078599248e-05
5.520000000000000000e+02 4.380738097448472294e-05
5.530000000000000000e+02 4.523697853032655633e-05
5.540000000000000000e+02 4.477375288582016835e-05
5.550000000000000000e+02 4.607499287778058200e-05
5.560000000000000000e+02 4.553355045216392458e-05
5.570000000000000000e+02 4.649775598269189161e-05
5.580000000000000000e+02 4.658316725833943261e-05
5.590000000000000000e+02 4.667256249911211813e-05
5.600000000000000000e+02 4.679624888291681597e-05
5.610000000000000000e+02 4.703599770920940433e-05
5.620000000000000000e+02 4.670326449256623907e-05
5.630000000000000000e+02 4.748921679113131015e-05
5.640000000000000000e+02 4.763869544097210296e-05
5.650000000000000000e+02 4.759255211840427357e-05
5.660000000000000000e+02 4.747348173776693721e-05
5.670000000000000000e+02 4.724233434995442652e-05
5.680000000000000000e+02 4.698992203689581566e-05
5.690000000000000000e+02 4.664185099469539593e-05
5.700000000000000000e+02 4.628386980766003797e-05
5.710000000000000000e+02 4.607591657342744872e-05
5.720000000000000000e+02 4.574140212469607829e-05
5.730000000000000000e+02 4.542759841562651733e-05
5.740000000000000000e+02 4.501443337053636945e-05
5.750000000000000000e+02 4.444013238526631817e-05
5.760000000000000000e+02 4.297297700719314656e-05
5.770000000000000000e+02 4.380636077047987654e-05
5.780000000000000000e+02 4.211777782383704038e-05
5.790000000000000000e+02 4.310544808205258335e-05
5.800000000000000000e+02 4.119875136803348653e-05
5.810000000000000000e+02 4.227300930652951890e-05
5.820000000000000000e+02 4.050212096571899486e-05
5.830000000000000000e+02 4.135871406935867547e-05
5.840000000000000000e+02 4.016785996876146150e-05
5.850000000000000000e+02 4.145539945185922618e-05
5.860000000000000000e+02 3.992953217375570926e-05
5.870000000000000000e+02 4.128775108221925265e-05
5.880000000000000000e+02 4.002686910404644721e-05
5.890000000000000000e+02 4.145984017284027988e-05
5.900000000000000000e+02 4.065895652795370935e-05
5.910000000000000000e+02 4.226274466098218558e-05
5.920000000000000000e+02 4.182246751894146857e-05
5.930000000000000000e+02 4.334868798000212237e-05
5.940000000000000000e+02 4.379019779267297283e-05
5.950000000000000000e+02 4.404979692781528787e-05
5.960000000000000000e+02 4.412415492019982363e-05
5.970000000000000000e+02 4.420296109048227877e-05
5.980000000000000000e+02 4.431192595361822020e-05
5.990000000000000000e+02 4.446960196711289962e-05
6.000000000000000000e+02 4.481175965127478806e-05
6.010000000000000000e+02 4.521133561896171750e-05
6.020000000000000000e+02 4.567138221088634371e-05
6.030000000000000000e+02 4.598379880578792433e-05
6.040000000000000000e+02 4.602153327720652449e-05
6.050000000000000000e+02 4.589327981056655841e-05
6.060000000000000000e+02 4.572641043286921882e-05
6.070000000000000000e+02 4.531457820886780933e-05
6.080000000000000000e+02 4.514474438171679559e-05
6.090000000000000000e+02 4.518419395893994616e-05
6.100000000000000000e+02 4.536138469561869826e-05
6.110000000000000000e+02 4.545227885804236810e-05
6.120000000000000000e+02 4.537636999864946293e-05
6.130000000000000000e+02 4.504655035991470750e-05
6.140000000000000000e+02 4.375264757808949048e-05
6.150000000000000000e+02 4.421238044412114201e-05
6.160000000000000000e+02 4.376497266970324752e-05
6.170000000000000000e+02 4.349990199144980431e-05
6.180000000000000000e+02 4.350054552714657498e-05
6.190000000000000000e+02 4.288030054357172186e-05
6.200000000000000000e+02 4.427583225678883395e-05
6.210000000000000000e+02 4.289798716755492057e-05
6.220000000000000000e+02 4.353550016209051872e-05
6.230000000000000000e+02 4.149974968094382585e-05
6.240000000000000000e+02 4.216251727539095147e-05
6.250000000000000000e+02 4.080740168538773532e-05
6.260000000000000000e+02 4.247472231987842341e-05
6.270000000000000000e+02 4.134658790302318636e-05
6.280000000000000000e+02 4.300124654169653997e-05
6.290000000000000000e+02 4.214016172557295608e-05
6.300000000000000000e+02 4.359128380202793602e-05
6.310000000000000000e+02 4.217649144913373203e-05
6.320000000000000000e+02 4.324010060777234304e-05
6.330000000000000000e+02 4.201844163562528338e-05
6.340000000000000000e+02 4.348642352949256765e-05
6.350000000000000000e+02 4.304280907239279425e-05
6.360000000000000000e+02 4.468355772111665049e-05
6.370000000000000000e+02 4.431624082296364928e-05
6.380000000000000000e+02 4.550732032975369926e-05
6.390000000000000000e+02 4.537783444336043368e-05
6.400000000000000000e+02 4.509041971512059286e-05
6.410000000000000000e+02 4.431309193487417008e-05
6.420000000000000000e+02 4.503768959033859685e-05
6.430000000000000000e+02 4.533232943783086183e-05
6.440000000000000000e+02 4.572370966400040503e-05
6.450000000000000000e+02 4.617837131199482718e-05
6.460000000000000000e+02 4.657220620917414003e-05
6.470000000000000000e+02 4.662884410011147816e-05
6.480000000000000000e+02 4.637913991661711505e-05
6.490000000000000000e+02 4.600753115001093868e-05
6.500000000000000000e+02 4.567699840937310823e-05
6.510000000000000000e+02 4.540355074300476187e-05
6.520000000000000000e+02 4.530989534429423861e-05
6.530000000000000000e+02 4.542774821804765643e-05
6.540000000000000000e+02 4.532838898550220556e-05
6.550000000000000000e+02 4.494050916103355261e-05
6.560000000000000000e+02 4.426170595820781435e-05
6.570000000000000000e+02 4.253660303458252243e-05
6.580000000000000000e+02 4.302057845580097776e-05
6.590000000000000000e+02 4.137507284666013050e-05
6.600000000000000000e+02 4.231106397370241578e-05
6.610000000000000000e+02 4.179134854835902542e-05
6.620000000000000000e+02 4.039992274687231709e-05
6.630000000000000000e+02 4.139042290493302566e-05
6.640000000000000000e+02 3.992119102794198582e-05
6.650000000000000000e+02 4.057298050157407451e-05
6.660000000000000000e+02 3.906695680350993140e-05
6.670000000000000000e+02 3.986944050231541091e-05
6.680000000000000000e+02 3.814009587038397588e-05
6.690000000000000000e+02 3.922758827041964330e-05
6.700000000000000000e+02 3.811848501586554035e-05
6.710000000000000000e+02 3.967627915251360912e-05
6.720000000000000000e+02 3.893379088874234965e-05
6.730000000000000000e+02 4.048252085314564400e-05
6.740000000000000000e+02 3.976436531328318496e-05
6.750000000000000000e+02 4.098823182018643431e-05
6.760000000000000000e+02 4.107406058752854493e-05
6.770000000000000000e+02 4.117538236113948638e-05
6.780000000000000000e+02 4.131893848120950620e-05
6.790000000000000000e+02 4.168218390252298260e-05
6.800000000000000000e+02 4.216062769985607820e-05
6.810000000000000000e+02 4.261137266794002789e-05
6.820000000000000000e+02 4.302994151593034818e-05
6.830000000000000000e+02 4.331049339832364597e-05
6.840000000000000000e+02 4.348863918579240354e-05
6.850000000000000000e+02 4.358500241993207660e-05
6.860000000000000000e+02 4.361632524487064482e-05
6.870000000000000000e+02 4.376781283306031627e-05
6.880000000000000000e+02 4.400026472209821779e-05
6.890000000000000000e+02 4.403586016377592801e-05
6.900000000000000000e+02 4.409996357670745761e-05
6.910000000000000000e+02 4.405308450587181639e-05
6.920000000000000000e+02 4.389240652212753079e-05
6.930000000000000000e+02 4.354586538572909060e-05
6.940000000000000000e+02 4.314216095127487867e-05
6.950000000000000000e+02 4.272120191084124318e-05
6.960000000000000000e+02 4.236398944603314998e-05
6.970000000000000000e+02 4.204364013490450604e-05
6.980000000000000000e+02 4.197767848045792072e-05
6.990000000000000000e+02 4.183104856303836963e-05
7.000000000000000000e+02 4.150972830602197542e-05
7.010000000000000000e+02 4.043749740802408396e-05
7.020000000000000000e+02 4.117547227211130193e-05
7.030000000000000000e+02 3.988041435479405822e-05
7.040000000000000000e+02 4.064439043315361402e-05
7.050000000000000000e+02 4.019483352871145408e-05
7.060000000000000000e+02 3.932771049570746568e-05
7.070000000000000000e+02 4.076362472338974832e-05
7.080000000000000000e+02 3.990101315914439757e-05
7.090000000000000000e+02 4.166983679750844587e-05
7.100000000000000000e+02 4.028038829603223690e-05
7.110000000000000000e+02 4.173432113688489698e-05
7.120000000000000000e+02 4.064496035306837602e-05
7.130000000000000000e+02 4.195125216946567307e-05
7.140000000000000000e+02 4.114397323466024309e-05
7.150000000000000000e+02 4.249192375974674595e-05
7.160000000000000000e+02 4.184074664064533968e-05
7.170000000000000000e+02 4.326813731506180707e-05
7.180000000000000000e+02 4.257369013258523508e-05
7.190000000000000000e+02 4.363210469184739334e-05
7.200000000000000000e+02 4.372879903535564761e-05
7.210000000000000000e+02 4.374761516318124500e-05
7.220000000000000000e+02 4.374968790074806679e-05
7.230000000000000000e+02 4.381516256610598262e-05
7.240000000000000000e+02 4.350772579093922565e-05
7.250000000000000000e+02 4.446477072908770170e-05
7.260000000000000000e+02 4.480590425622523886e-05
7.270000000000000000e+02 4.502998800020223218e-05
7.280000000000000000e+02 4.511408469083825421e-05
7.290000000000000000e+02 4.495843542751420702e-05
7.300000000000000000e+02 4.416734837345421530e-05
7.310000000000000000e+02 4.455728284132943925e-05
7.320000000000000000e+02 4.440211157109944526e-05
7.330000000000000000e+02 4.415612407276374321e-05
7.340000000000000000e+02 4.391675954932677931e-05
7.350000000000000000e+02 4.380993493854517574e-05
7.360000000000000000e+02 4.363590783707538978e-05
7.370000000000000000e+02 4.335996459615372103e-05
7.380000000000000000e+02 4.288947505818446331e-05
7.390000000000000000e+02 4.214022213326721759e-05
7.400000000000000000e+02 4.142359240196689740e-05
7.410000000000000000e+02 4.087403838551730093e-05
7.420000000000000000e+02 4.058146089338368948e-05
7.430000000000000000e+02 4.041317883666437061e-05
7.440000000000000000e+02 4.037225100660735741e-05
7.450000000000000000e+02 3.946439934528882547e-05
7.460000000000000000e+02 4.056540478187469439e-05
7.470000000000000000e+02 3.929965080209541238e-05
7.480000000000000000e+02 4.010674398419045573e-05
7.490000000000000000e+02 3.866830635886849335e-05
7.500000000000000000e+02 3.952991903671311275e-05
7.510000000000000000e+02 3.935281206563470593e-05
7.520000000000000000e+02 3.886154638383687609e-05
7.530000000000000000e+02 4.062541561219989994e-05
7.540000000000000000e+02 4.032778241809368175e-05
7.550000000000000000e+02 4.165757572816912956e-05
7.560000000000000000e+02 4.157318959496689284e-05
7.570000000000000000e+02 4.123171938439158026e-05
7.580000000000000000e+02 4.095629205580804405e-05
7.590000000000000000e+02 4.094342074712658993e-05
7.600000000000000000e+02 4.124614833120601937e-05
7.610000000000000000e+02 4.183012900416239159e-05
7.620000000000000000e+02 4.243073522424299686e-05
7.630000000000000000e+02 4.277918200234602655e-05
7.640000000000000000e+02 4.285776813914550461e-05
7.650000000000000000e+02 4.268216816375721361e-05
7.660000000000000000e+02 4.252078050340476535e-05
7.670000000000000000e+02 4.250496483557870568e-05
7.680000000000000000e+02 4.264571413527384739e-05
7.690000000000000000e+02 4.299605265587950711e-05
7.700000000000000000e+02 4.338426598197756917e-05
7.710000000000000000e+02 4.345591352183511894e-05
7.720000000000000000e+02 4.338013779423786762e-05
7.730000000000000000e+02 4.312045147121007407e-05
7.740000000000000000e+02 4.274119165333820850e-05
7.750000000000000000e+02 4.233462728198484406e-05
7.760000000000000000e+02 4.201898554274270117e-05
7.770000000000000000e+02 4.183948060183995859e-05
7.780000000000000000e+02 4.177590263119075777e-05
7.790000000000000000e+02 4.177058955051113348e-05
7.800000000000000000e+02 4.188906729921190329e-05
7.810000000000000000e+02 4.111350674877013402e-05
7.820000000000000000e+02 4.169341725569158892e-05
7.830000000000000000e+02 4.035390730212963121e-05
7.840000000000000000e+02 4.060282210205255266e-05
7.850000000000000000e+02 3.907176992534702102e-05
7.860000000000000000e+02 3.972061188946445008e-05
7.870000000000000000e+02 3.853945514436564885e-05
7.880000000000000000e+02 4.006439647198199586e-05
7.890000000000000000e+02 3.906221468124160804e-05
7.900000000000000000e+02 4.043066834790957226e-05
7.910000000000000000e+02 3.887452236731696456e-05
7.920000000000000000e+02 3.998877734544504316e-05
7.930000000000000000e+02 3.855379399301128056e-05
7.940000000000000000e+02 4.002385227261801839e-05
7.950000000000000000e+02 3.926428904025871641e-05
7.960000000000000000e+02 4.109444595780429812e-05
7.970000000000000000e+02 4.048370209029842725e-05
7.980000000000000000e+02 4.186793088517928759e-05
7.990000000000000000e+02 4.120421334312167962e-05
8.000000000000000000e+02 4.214408901253061763e-05
8.010000000000000000e+02 4.131986534041325954e-05
8.020000000000000000e+02 4.219444510243336145e-05
8.030000000000000000e+02 4.160257757437759265e-05
8.040000000000000000e+02 4.265620968989062705e-05
8.050000000000000000e+02 4.236738022231406533e-05
8.060000000000000000e+02 4.344935917898131328e-05
8.070000000000000000e+02 4.383876748499086643e-05
8.080000000000000000e+02 4.400604835879039993e-05
8.090000000000000000e+02 4.407025478885860724e-05
8.100000000000000000e+02 4.361535220735457814e-05
8.110000000000000000e+02 4.399111135680397889e-05
8.120000000000000000e+02 4.373789354276961985e-05
8.130000000000000000e+02 4.356530722996703310e-05
8.140000000000000000e+02 4.351408743147485141e-05
8.150000000000000000e+02 4.342922017749434012e-05
8.160000000000000000e+02 4.320260041277702287e-05
8.170000000000000000e+02 4.291184414957886111e-05
8.180000000000000000e+02 4.230393980992730696e-05
8.190000000000000000e+02 4.083638922978543315e-05
8.200000000000000000e+02 4.116410731236010986e-05
8.210000000000000000e+02 3.959466014461842043e-05
8.220000000000000000e+02 4.022939181582752178e-05
8.230000000000000000e+02 3.981243011918636574e-05
8.240000000000000000e+02 3.944498424996326709e-05
8.250000000000000000e+02 3.835432689578197442e-05
8.260000000000000000e+02 3.919238976593730572e-05
8.270000000000000000e+02 3.773781956845027045e-05
8.280000000000000000e+02 3.832296391708636430e-05
8.290000000000000000e+02 3.694136135129343524e-05
8.300000000000000000e+02 3.772313726449029930e-05
8.310000000000000000e+02 3.679438840337863304e-05
8.320000000000000000e+02 3.813665440784826598e-05
8.330000000000000000e+02 3.723698373960060377e-05
8.340000000000000000e+02 3.866112328056363568e-05
8.350000000000000000e+02 3.789761730395179747e-05
8.360000000000000000e+02 3.899580736659264362e-05
8.370000000000000000e+02 3.834541066148386938e-05
8.380000000000000000e+02 3.950616367243772205e-05
8.390000000000000000e+02 3.978789576961155953e-05
8.400000000000000000e+02 4.013564918044005734e-05
8.410000000000000000e+02 4.052606224992458684e-05
8.420000000000000000e+02 4.089981534005126867e-05
8.430000000000000000e+02 4.130462709608482706e-05
8.440000000000000000e+02 4.168085232622811045e-05
8.450000000000000000e+02 4.188200052271900373e-05
8.460000000000000000e+02 4.203573313332245565e-05
8.470000000000000000e+02 4.216676770617482463e-05
8.480000000000000000e+02 4.236013393395378590e-05
8.490000000000000000e+02 4.266561204063245481e-05
8.500000000000000000e+02 4.297508829394248444e-05
8.510000000000000000e+02 4.323216298209491069e-05
8.520000000000000000e+02 4.332719633673391956e-05
8.530000000000000000e+02 4.302969463624045263e-05
8.540000000000000000e+02 4.270417133412693610e-05
8.550000000000000000e+02 4.185972841296264468e-05
8.560000000000000000e+02 4.232967334533605945e-05
8.570000000000000000e+02 4.206417659514127014e-05
8.580000000000000000e+02 4.175980921455320582e-05
8.590000000000000000e+02 4.147047048002795049e-05
8.600000000000000000e+02 4.118144308509164519e-05
8.610000000000000000e+02 4.084993502472025582e-05
8.620000000000000000e+02 4.009656211300760640e-05
8.630000000000000000e+02 4.072949487095481840e-05
8.640000000000000000e+02 3.960143750771412819e-05
8.650000000000000000e+02 4.023604075161091992e-05
8.660000000000000000e+02 3.907420051574907746e-05
8.670000000000000000e+02 3.969824704229617083e-05
8.680000000000000000e+02 3.851085174188642103e-05
8.690000000000000000e+02 3.951657138587695974e-05
8.700000000000000000e+02 3.849093282059791828e-05
8.710000000000000000e+02 3.968107971363713464e-05
8.720000000000000000e+02 3.854852140344698619e-05
8.730000000000000000e+02 3.963386199765912230e-05
8.740000000000000000e+02 3.831182836322316880e-05
8.750000000000000000e+02 3.965009039572833235e-05
8.760000000000000000e+02 3.843686030288256489e-05
8.770000000000000000e+02 3.970925679227508182e-05
8.780000000000000000e+02 3.899509086057084586e-05
8.790000000000000000e+02 4.040927785505795078e-05
8.800000000000000000e+02 3.989109051119055102e-05
8.810000000000000000e+02 4.121860128835678973e-05
8.820000000000000000e+02 4.041861101017573511e-05
8.830000000000000000e+02 4.134626387278125093e-05
8.840000000000000000e+02 4.064552248049618609e-05
8.850000000000000000e+02 4.174776075996753267e-05
8.860000000000000000e+02 4.205394684982573667e-05
8.870000000000000000e+02 4.250118225538038923e-05
8.880000000000000000e+02 4.301738410355956482e-05
8.890000000000000000e+02 4.295556851992426441e-05
8.900000000000000000e+02 4.374231566528483431e-05
8.910000000000000000e+02 4.374904511773830524e-05
8.920000000000000000e+02 4.316509626541427088e-05
8.930000000000000000e+02 4.348416330831848673e-05
8.940000000000000000e+02 4.344299128831294516e-05
8.950000000000000000e+02 4.345429753637384938e-05
8.960000000000000000e+02 4.352099372862177961e-05
8.970000000000000000e+02 4.345883599712165653e-05
8.980000000000000000e+02 4.315787040684975211e-05
8.990000000000000000e+02 4.269398077063102278e-05
9.000000000000000000e+02 4.202377346368371978e-05
9.010000000000000000e+02 4.123918364559261187e-05
9.020000000000000000e+02 4.058104250418931942e-05
9.030000000000000000e+02 4.002169513901064580e-05
9.040000000000000000e+02 3.974493038605758839e-05
9.050000000000000000e+02 3.960163319007926951e-05
9.060000000000000000e+02 3.865009368944834786e-05
9.070000000000000000e+02 3.926552520256557165e-05
9.080000000000000000e+02 3.754468868088840403e-05
9.090000000000000000e+02 3.782231555395197816e-05
9.100000000000000000e+02 3.629843886059604731e-05
9.110000000000000000e+02 3.716436572609427123e-05
9.120000000000000000e+02 3.622257491518219257e-05
9.130000000000000000e+02 3.768395249680043851e-05
9.140000000000000000e+02 3.677431725340583489e-05
9.150000000000000000e+02 3.815844887236071137e-05
9.160000000000000000e+02 3.700906831896736999e-05
9.170000000000000000e+02 3.801338083776016884e-05
9.180000000000000000e+02 3.779888809639801646e-05
9.190000000000000000e+02 3.713034534117205961e-05
9.200000000000000000e+02 3.854027804662328273e-05
9.210000000000000000e+02 3.846433579712615843e-05
9.220000000000000000e+02 4.017686864224896692e-05
9.230000000000000000e+02 4.064623055617644208e-05
9.240000000000000000e+02 4.091920885214692701e-05
9.250000000000000000e+02 4.106442687195629933e-05
9.260000000000000000e+02 4.115314403859871316e-05
9.270000000000000000e+02 4.122593330119788031e-05
9.280000000000000000e+02 4.142681013388327637e-05
9.290000000000000000e+02 4.179553362406582197e-05
9.300000000000000000e+02 4.235354959221726204e-05
9.310000000000000000e+02 4.300640599897825314e-05
9.320000000000000000e+02 4.341136704555412191e-05
9.330000000000000000e+02 4.349925078485199632e-05
9.340000000000000000e+02 4.325305705461668105e-05
9.350000000000000000e+02 4.256313014437644181e-05
9.360000000000000000e+02 4.161234447727157144e-05
9.370000000000000000e+02 4.202008711152486965e-05
9.380000000000000000e+02 4.208784443037670272e-05
9.390000000000000000e+02 4.217112306055299261e-05
9.400000000000000000e+02 4.214446194516864233e-05
9.410000000000000000e+02 4.186799432097271673e-05
9.420000000000000000e+02 4.140097266140553008e-05
9.430000000000000000e+02 4.020937784109908033e-05
9.440000000000000000e+02 4.046055585121885575e-05
9.450000000000000000e+02 3.932336703429752957e-05
9.460000000000000000e+02 3.984840739864814398e-05
9.470000000000000000e+02 3.945964905921018966e-05
9.480000000000000000e+02 3.913002763058776571e-05
9.490000000000000000e+02 3.831981537887374408e-05
9.500000000000000000e+02 3.906345135263705027e-05
9.510000000000000000e+02 3.789001905088350877e-05
9.520000000000000000e+02 3.897472104039437327e-05
9.530000000000000000e+02 3.750855067558469521e-05
9.540000000000000000e+02 3.853048502906684914e-05
9.550000000000000000e+02 3.744205082758978885e-05
9.560000000000000000e+02 3.894189006764034450e-05
9.570000000000000000e+02 3.929151632804635870e-05
9.580000000000000000e+02 3.879920127906672287e-05
9.590000000000000000e+02 4.031001838695393854e-05
9.600000000000000000e+02 3.941506350188964065e-05
9.610000000000000000e+02 4.028400557785852406e-05
9.620000000000000000e+02 3.948809749394586462e-05
9.630000000000000000e+02 4.054895950350404665e-05
9.640000000000000000e+02 3.993099966805935611e-05
9.650000000000000000e+02 4.117566122154864289e-05
9.660000000000000000e+02 4.080841926953653520e-05
9.670000000000000000e+02 4.193375494078648653e-05
9.680000000000000000e+02 4.153602513120304384e-05
9.690000000000000000e+02 4.241199683628182459e-05
9.700000000000000000e+02 4.242296071788495369e-05
9.710000000000000000e+02 4.240169069407812653e-05
9.720000000000000000e+02 4.241751284460062559e-05
9.730000000000000000e+02 4.213013389908575984e-05
9.740000000000000000e+02 4.279132719650779342e-05
9.750000000000000000e+02 4.299487985986897925e-05
9.760000000000000000e+02 4.300357580530202699e-05
9.770000000000000000e+02 4.285336045589672983e-05
9.780000000000000000e+02 4.257001200949051646e-05
9.790000000000000000e+02 4.162233686040474611e-05
9.800000000000000000e+02 4.185754127419033413e-05
9.810000000000000000e+02 4.155983158490555697e-05
9.820000000000000000e+02 4.125031702561659407e-05
9.830000000000000000e+02 4.090160727751368980e-05
9.840000000000000000e+02 4.062368233927317822e-05
9.850000000000000000e+02 4.019166187873345693e-05
9.860000000000000000e+02 3.971540552593906363e-05
9.870000000000000000e+02 3.922977247625654483e-05
9.880000000000000000e+02 3.802930162975484203e-05
9.890000000000000000e+02 3.851209292577957246e-05
9.900000000000000000e+02 3.806258173711163020e-05
9.910000000000000000e+02 3.758845965814418890e-05
9.920000000000000000e+02 3.720335775902982830e-05
9.930000000000000000e+02 3.624247618005035638e-05
9.940000000000000000e+02 3.728298668861006817e-05
9.950000000000000000e+02 3.619568821538516777e-05
9.960000000000000000e+02 3.721500597510882388e-05
9.970000000000000000e+02 3.601398520232922535e-05
9.980000000000000000e+02 3.712918448397582846e-05
9.990000000000000000e+02 3.627795474022469616e-05
1.000000000000000000e+03 3.743172780908538667e-05
