1.000000000000000000e+00 4.731909397796384554e-04
2.000000000000000000e+00 1.000000000000000000e+00
3.000000000000000000e+00 9.210884669402698288e-02
4.000000000000000000e+00 1.317593669568496162e-01
5.000000000000000000e+00 1.491595530515969770e-01
6.000000000000000000e+00 9.720360989391317597e-02
7.000000000000000000e+00 7.386683485627437706e-02
8.000000000000000000e+00 6.704025990220986719e-02
9.000000000000000000e+00 5.970241716547005500e-02
1.000000000000000000e+01 5.466290627296194887e-02
1.100000000000000000e+01 5.214139894816553766e-02
1.200000000000000000e+01 4.885838539666417790e-02
1.300000000000000000e+01 4.665022503477021104e-02
1.400000000000000000e+01 4.641855302442299963e-02
1.500000000000000000e+01 4.823996861875970432e-02
1.600000000000000000e+01 5.121813895037871656e-02
1.700000000000000000e+01 5.141780950131676076e-02
1.800000000000000000e+01 4.877677536738882214e-02
1.900000000000000000e+01 4.606130913099212854e-02
2.000000000000000000e+01 3.887779299728742061e-02
2.100000000000000000e+01 3.476440219066000148e-02
2.200000000000000000e+01 2.932948644778098080e-02
2.300000000000000000e+01 2.439802279795565826e-02
2.400000000000000000e+01 2.482508441736406071e-02
2.500000000000000000e+01 2.389517224909976437e-02
2.600000000000000000e+01 2.446438014339988656e-02
2.700000000000000000e+01 2.483515014973535287e-02
2.800000000000000000e+01 2.479122248819101010e-02
2.900000000000000000e+01 2.416967945327255438e-02
3.000000000000000000e+01 2.219165307434453616e-02
3.100000000000000000e+01 2.075912395948611294e-02
3.200000000000000000e+01 1.875788066523673137e-02
3.300000000000000000e+01 1.736082552253073036e-02
3.400000000000000000e+01 1.652382508978511924e-02
3.500000000000000000e+01 1.601041568797021905e-02
3.600000000000000000e+01 1.569701392093938996e-02
3.700000000000000000e+01 1.549960983758882048e-02
3.800000000000000000e+01 1.529177808266586093e-02
3.900000000000000000e+01 1.497736949828567046e-02
4.000000000000000000e+01 1.438565942799730282e-02
4.100000000000000000e+01 1.353288114106040822e-02
4.200000000000000000e+01 1.252473357292584188e-02
4.300000000000000000e+01 1.153371459591191923e-02
4.400000000000000000e+01 1.069782584260552463e-02
4.500000000000000000e+01 1.010183349440953865e-02
4.600000000000000000e+01 9.649096507028730868e-03
4.700000000000000000e+01 9.335955261588266621e-03
4.800000000000000000e+01 9.084770035349730780e-03
4.900000000000000000e+01 8.815956051603533739e-03
5.000000000000000000e+01 8.528054579881550953e-03
5.100000000000000000e+01 8.177526332840565071e-03
5.200000000000000000e+01 7.791613386877181517e-03
5.300000000000000000e+01 7.337556924876157717e-03
5.400000000000000000e+01 6.992187086303587075e-03
5.500000000000000000e+01 6.607063174447155331e-03
5.600000000000000000e+01 6.411040130734552318e-03
5.700000000000000000e+01 6.222018471887800703e-03
5.800000000000000000e+01 6.184423610275645647e-03
5.900000000000000000e+01 6.133596175522480938e-03
6.000000000000000000e+01 6.104789259936745094e-03
6.100000000000000000e+01 6.080452813193562914e-03
6.200000000000000000e+01 6.039458524460994751e-03
6.300000000000000000e+01 5.966794347409941184e-03
6.400000000000000000e+01 5.826981744626502993e-03
6.500000000000000000e+01 5.710171272579694923e-03
6.600000000000000000e+01 5.557368625492215344e-03
6.700000000000000000e+01 5.403795981180208562e-03
6.800000000000000000e+01 5.240510467717550760e-03
6.900000000000000000e+01 5.077803443859425434e-03
7.000000000000000000e+01 4.916514106587915010e-03
7.100000000000000000e+01 4.756475594110749772e-03
7.200000000000000000e+01 4.591563936964766952e-03
7.300000000000000000e+01 4.444130783461201425e-03
7.400000000000000000e+01 4.297461325564514399e-03
7.500000000000000000e+01 4.157959020856034915e-03
7.600000000000000000e+01 4.025726173075145665e-03
7.700000000000000000e+01 3.922939141586704453e-03
7.800000000000000000e+01 3.825098460460953087e-03
7.900000000000000000e+01 3.760703973659996167e-03
8.000000000000000000e+01 3.690056329125269725e-03
8.100000000000000000e+01 3.648562232835418639e-03
8.200000000000000000e+01 3.602095273334819225e-03
8.300000000000000000e+01 3.562501253908487587e-03
8.400000000000000000e+01 3.526169337834817417e-03
8.500000000000000000e+01 3.485172085587829715e-03
8.600000000000000000e+01 3.443515636049059199e-03
8.700000000000000000e+01 3.393167713746390868e-03
8.800000000000000000e+01 3.343328685767732976e-03
8.900000000000000000e+01 3.279045191271094412e-03
9.000000000000000000e+01 3.216744639447472950e-03
9.100000000000000000e+01 3.140380450910594361e-03
9.200000000000000000e+01 3.066661139314024766e-03
9.300000000000000000e+01 2.976595353794160917e-03
9.400000000000000000e+01 2.890557469006767646e-03
9.500000000000000000e+01 2.792823093527684996e-03
9.600000000000000000e+01 2.703004801547916752e-03
9.700000000000000000e+01 2.608462016087568537e-03
9.800000000000000000e+01 2.526501706852296320e-03
9.900000000000000000e+01 2.446573453221215829e-03
1.000000000000000000e+02 2.381758319296370472e-03
1.010000000000000000e+02 2.320438525482406474e-03
1.020000000000000000e+02 2.270029941948359387e-03
1.030000000000000000e+02 2.218769859891585230e-03
1.040000000000000000e+02 2.173463051235064846e-03
1.050000000000000000e+02 2.127711445048289900e-03
1.060000000000000000e+02 2.082251381613732608e-03
1.070000000000000000e+02 2.037849196431007308e-03
1.080000000000000000e+02 1.997052477035811055e-03
1.090000000000000000e+02 1.961500808188285094e-03
1.100000000000000000e+02 1.926306174879170415e-03
1.110000000000000000e+02 1.894637015212301268e-03
1.120000000000000000e+02 1.869682723217939426e-03
1.130000000000000000e+02 1.851461066586390040e-03
1.140000000000000000e+02 1.838468906094698407e-03
1.150000000000000000e+02 1.829795343798912028e-03
1.160000000000000000e+02 1.822812851723112654e-03
1.170000000000000000e+02 1.815208660332069419e-03
1.180000000000000000e+02 1.804977802140470509e-03
1.190000000000000000e+02 1.790255475148662965e-03
1.200000000000000000e+02 1.770208394121706085e-03
1.210000000000000000e+02 1.747412701953561086e-03
1.220000000000000000e+02 1.721842592783994321e-03
1.230000000000000000e+02 1.696256803719926052e-03
1.240000000000000000e+02 1.670520854366747479e-03
1.250000000000000000e+02 1.644599529347864214e-03
1.260000000000000000e+02 1.621957185457186760e-03
1.270000000000000000e+02 1.595119692727653546e-03
1.280000000000000000e+02 1.571755143953525082e-03
1.290000000000000000e+02 1.550360500260814954e-03
1.300000000000000000e+02 1.532226989693644126e-03
1.310000000000000000e+02 1.507860514837930507e-03
1.320000000000000000e+02 1.485855710279551005e-03
1.330000000000000000e+02 1.469076197435665188e-03
1.340000000000000000e+02 1.446543840779194318e-03
1.350000000000000000e+02 1.429672278514164526e-03
1.360000000000000000e+02 1.407846104224536911e-03
1.370000000000000000e+02 1.391963654444442833e-03
1.380000000000000000e+02 1.370491013260083293e-03
1.390000000000000000e+02 1.354655464452999463e-03
1.400000000000000000e+02 1.333270450796260461e-03
1.410000000000000000e+02 1.317098789968602739e-03
1.420000000000000000e+02 1.293888459638902226e-03
1.430000000000000000e+02 1.276284862037050825e-03
1.440000000000000000e+02 1.252800759566977335e-03
1.450000000000000000e+02 1.235227351398444830e-03
1.460000000000000000e+02 1.210905000962801421e-03
1.470000000000000000e+02 1.193559719252516339e-03
1.480000000000000000e+02 1.168924577306301943e-03
1.490000000000000000e+02 1.150979797170833575e-03
1.500000000000000000e+02 1.125951293841168229e-03
1.510000000000000000e+02 1.106507486868838928e-03
1.520000000000000000e+02 1.080006842547157802e-03
1.530000000000000000e+02 1.059582956681625514e-03
1.540000000000000000e+02 1.032012572357746171e-03
1.550000000000000000e+02 1.010026578245778756e-03
1.560000000000000000e+02 9.804815798200470708e-04
1.570000000000000000e+02 9.563828885781567798e-04
1.580000000000000000e+02 9.251980801025811579e-04
1.590000000000000000e+02 8.997942530416874144e-04
1.600000000000000000e+02 8.682356604066676902e-04
1.610000000000000000e+02 8.426484410767629907e-04
1.620000000000000000e+02 8.118344878679967539e-04
1.630000000000000000e+02 7.872728201522735626e-04
1.640000000000000000e+02 7.595343504369529708e-04
1.650000000000000000e+02 7.381377902472948315e-04
1.660000000000000000e+02 7.150631843657308468e-04
1.670000000000000000e+02 6.973115227519787948e-04
1.680000000000000000e+02 6.795808255714220385e-04
1.690000000000000000e+02 6.663296030375968643e-04
1.700000000000000000e+02 6.566411330565257755e-04
1.710000000000000000e+02 6.480415294707261853e-04
1.720000000000000000e+02 6.427554108293401193e-04
1.730000000000000000e+02 6.394873225378467979e-04
1.740000000000000000e+02 6.377357136331660752e-04
1.750000000000000000e+02 6.379744977909889043e-04
1.760000000000000000e+02 6.388950268031460752e-04
1.770000000000000000e+02 6.401871758243665288e-04
1.780000000000000000e+02 6.428061896818762153e-04
1.790000000000000000e+02 6.457247487659466788e-04
1.800000000000000000e+02 6.481555474057504795e-04
1.810000000000000000e+02 6.499598941747908266e-04
1.820000000000000000e+02 6.512978461397958248e-04
1.830000000000000000e+02 6.521973128304138934e-04
1.840000000000000000e+02 6.524797550682755621e-04
1.850000000000000000e+02 6.519175489135640295e-04
1.860000000000000000e+02 6.505594236856055779e-04
1.870000000000000000e+02 6.484065704852841469e-04
1.880000000000000000e+02 6.455926223657177266e-04
1.890000000000000000e+02 6.419555527242364317e-04
1.900000000000000000e+02 6.373736978724309568e-04
1.910000000000000000e+02 6.317395684617716639e-04
1.920000000000000000e+02 6.252759193290634027e-04
1.930000000000000000e+02 6.180335859258496512e-04
1.940000000000000000e+02 6.101533489242665391e-04
1.950000000000000000e+02 6.015766714405882841e-04
1.960000000000000000e+02 5.922863859949455611e-04
1.970000000000000000e+02 5.825085831095092731e-04
1.980000000000000000e+02 5.722576471100314192e-04
1.990000000000000000e+02 5.615000277583696462e-04
2.000000000000000000e+02 5.503980822661553793e-04
2.010000000000000000e+02 5.389123474070017187e-04
2.020000000000000000e+02 5.271703538416370712e-04
2.030000000000000000e+02 5.153363673319597991e-04
2.040000000000000000e+02 5.033131989742138657e-04
2.050000000000000000e+02 4.913636388080207815e-04
2.060000000000000000e+02 4.795510007307328469e-04
2.070000000000000000e+02 4.679407317281856615e-04
2.080000000000000000e+02 4.567963643138629672e-04
2.090000000000000000e+02 4.455814485104595815e-04
2.100000000000000000e+02 4.349252027136871592e-04
2.110000000000000000e+02 4.245791078360045727e-04
2.120000000000000000e+02 4.141870303911097647e-04
2.130000000000000000e+02 4.047250768315723392e-04
2.140000000000000000e+02 3.951261694183412108e-04
2.150000000000000000e+02 3.862813906059236742e-04
2.160000000000000000e+02 3.773842024489943402e-04
2.170000000000000000e+02 3.695129203411528520e-04
2.180000000000000000e+02 3.616156900048170903e-04
2.190000000000000000e+02 3.548484012215783151e-04
2.200000000000000000e+02 3.479592738781188670e-04
2.210000000000000000e+02 3.420441557585056011e-04
2.220000000000000000e+02 3.359947329491492856e-04
2.230000000000000000e+02 3.310032400439665446e-04
2.240000000000000000e+02 3.258880616523710146e-04
2.250000000000000000e+02 3.213831715567419664e-04
2.260000000000000000e+02 3.165629351905381778e-04
2.270000000000000000e+02 3.124233202003395913e-04
2.280000000000000000e+02 3.078522109386196050e-04
2.290000000000000000e+02 3.039797318139452831e-04
2.300000000000000000e+02 2.996121593942619398e-04
2.310000000000000000e+02 2.957286017547493132e-04
2.320000000000000000e+02 2.915269926253650557e-04
2.330000000000000000e+02 2.877072845572888667e-04
2.340000000000000000e+02 2.834941167325084996e-04
2.350000000000000000e+02 2.796363760254156022e-04
2.360000000000000000e+02 2.754112257590868632e-04
2.370000000000000000e+02 2.714326113634380096e-04
2.380000000000000000e+02 2.670197455752098192e-04
2.390000000000000000e+02 2.628076633487970003e-04
2.400000000000000000e+02 2.583241928574625187e-04
2.410000000000000000e+02 2.541704273595443600e-04
2.420000000000000000e+02 2.496190361632981284e-04
2.430000000000000000e+02 2.454200515110372890e-04
2.440000000000000000e+02 2.408035057298938807e-04
2.450000000000000000e+02 2.365137429358367014e-04
2.460000000000000000e+02 2.318621801334152610e-04
2.470000000000000000e+02 2.276652989140393773e-04
2.480000000000000000e+02 2.233254599571829577e-04
2.490000000000000000e+02 2.194839690757031730e-04
2.500000000000000000e+02 2.154978772374799094e-04
2.510000000000000000e+02 2.119225453421374908e-04
2.520000000000000000e+02 2.082414153108646246e-04
2.530000000000000000e+02 2.048533591247618415e-04
2.540000000000000000e+02 2.014014631063807499e-04
2.550000000000000000e+02 1.981831176361373997e-04
2.560000000000000000e+02 1.951552447602320178e-04
2.570000000000000000e+02 1.923825755839042714e-04
2.580000000000000000e+02 1.896732388503370899e-04
2.590000000000000000e+02 1.871761472257417415e-04
2.600000000000000000e+02 1.847604383117986803e-04
2.610000000000000000e+02 1.825802838680096413e-04
2.620000000000000000e+02 1.805011640197975661e-04
2.630000000000000000e+02 1.786692358407653805e-04
2.640000000000000000e+02 1.768821769964816850e-04
2.650000000000000000e+02 1.753816569129857934e-04
2.660000000000000000e+02 1.738699123624208272e-04
2.670000000000000000e+02 1.727980064000524390e-04
2.680000000000000000e+02 1.715895766390630099e-04
2.690000000000000000e+02 1.706301806088367083e-04
2.700000000000000000e+02 1.695315956613293164e-04
2.710000000000000000e+02 1.688157852777461248e-04
2.720000000000000000e+02 1.678262061739289651e-04
2.730000000000000000e+02 1.672862169876511245e-04
2.740000000000000000e+02 1.661619728019840514e-04
2.750000000000000000e+02 1.659291020610771357e-04
2.760000000000000000e+02 1.649561428372829197e-04
2.770000000000000000e+02 1.647921572791990271e-04
2.780000000000000000e+02 1.636790385691674074e-04
2.790000000000000000e+02 1.634465715167163105e-04
2.800000000000000000e+02 1.620413850976130346e-04
2.810000000000000000e+02 1.618780349730806762e-04
2.820000000000000000e+02 1.603066825732281158e-04
2.830000000000000000e+02 1.601257588220474093e-04
2.840000000000000000e+02 1.582221212282644237e-04
2.850000000000000000e+02 1.581108282196157623e-04
2.860000000000000000e+02 1.563798292498928756e-04
2.870000000000000000e+02 1.562308358061643911e-04
2.880000000000000000e+02 1.543056395162179298e-04
2.890000000000000000e+02 1.542254946694481389e-04
2.900000000000000000e+02 1.520159171779130185e-04
2.910000000000000000e+02 1.516366981155187860e-04
2.920000000000000000e+02 1.491240958436328254e-04
2.930000000000000000e+02 1.485161050971107143e-04
2.940000000000000000e+02 1.459475007738695327e-04
2.950000000000000000e+02 1.454173632395313969e-04
2.960000000000000000e+02 1.427986190543145619e-04
2.970000000000000000e+02 1.421444733602500584e-04
2.980000000000000000e+02 1.397338668724426559e-04
2.990000000000000000e+02 1.388850478680225299e-04
3.000000000000000000e+02 1.363081851866250645e-04
3.010000000000000000e+02 1.355140706979892555e-04
3.020000000000000000e+02 1.329727497514927425e-04
3.030000000000000000e+02 1.309171531109211385e-04
3.040000000000000000e+02 1.298527324220340629e-04
3.050000000000000000e+02 1.269529023558250438e-04
3.060000000000000000e+02 1.255470125195151513e-04
3.070000000000000000e+02 1.227156408875658021e-04
3.080000000000000000e+02 1.210877594533011785e-04
3.090000000000000000e+02 1.182767965060043584e-04
3.100000000000000000e+02 1.166559360351386002e-04
3.110000000000000000e+02 1.140334989939615316e-04
3.120000000000000000e+02 1.126632988136420314e-04
3.130000000000000000e+02 1.100895878009189506e-04
3.140000000000000000e+02 1.083304524571867086e-04
3.150000000000000000e+02 1.058163307017048895e-04
3.160000000000000000e+02 1.037822579142125734e-04
3.170000000000000000e+02 1.011405938100012897e-04
3.180000000000000000e+02 9.932191752823542970e-05
3.190000000000000000e+02 9.691908165064711141e-05
3.200000000000000000e+02 9.518339936921666562e-05
3.210000000000000000e+02 9.298196138761926320e-05
3.220000000000000000e+02 9.127237160126073817e-05
3.230000000000000000e+02 8.909514622940678421e-05
3.240000000000000000e+02 8.742386200958164111e-05
3.250000000000000000e+02 8.528269749604357587e-05
3.260000000000000000e+02 8.370608563792885130e-05
3.270000000000000000e+02 8.188072896734272898e-05
3.280000000000000000e+02 8.021125155420820408e-05
3.290000000000000000e+02 7.810658703884249118e-05
3.300000000000000000e+02 7.666503085552188511e-05
3.310000000000000000e+02 7.482942848867649101e-05
3.320000000000000000e+02 7.359225955437138640e-05
3.330000000000000000e+02 7.185563388830066406e-05
3.340000000000000000e+02 7.063625612818535797e-05
3.350000000000000000e+02 6.893226998798546981e-05
3.360000000000000000e+02 6.788224952855089628e-05
3.370000000000000000e+02 6.633208141455868966e-05
3.380000000000000000e+02 6.550763845120142028e-05
3.390000000000000000e+02 6.419863930174572178e-05
3.400000000000000000e+02 6.359690533914603701e-05
3.410000000000000000e+02 6.268281507274889850e-05
3.420000000000000000e+02 6.244911566878704639e-05
3.430000000000000000e+02 6.120954288282565148e-05
3.440000000000000000e+02 6.082465181549072766e-05
3.450000000000000000e+02 6.010897950217906059e-05
3.460000000000000000e+02 5.990486217141456480e-05
3.470000000000000000e+02 5.936963559328897180e-05
3.480000000000000000e+02 5.932719595362876032e-05
3.490000000000000000e+02 5.889264593256366001e-05
3.500000000000000000e+02 5.893147264948139086e-05
3.510000000000000000e+02 5.858047161318036418e-05
3.520000000000000000e+02 5.868427280681914323e-05
3.530000000000000000e+02 5.841696682556577836e-05
3.540000000000000000e+02 5.859618470512461435e-05
3.550000000000000000e+02 5.843194080921591598e-05
3.560000000000000000e+02 5.896125410800120184e-05
3.570000000000000000e+02 5.876828022145813595e-05
3.580000000000000000e+02 5.868082294533047958e-05
3.590000000000000000e+02 5.867135578767440868e-05
3.600000000000000000e+02 5.849644519807888608e-05
3.610000000000000000e+02 5.869970655552670026e-05
3.620000000000000000e+02 5.847083991684443646e-05
3.630000000000000000e+02 5.863336836496125458e-05
3.640000000000000000e+02 5.825886985825491480e-05
3.650000000000000000e+02 5.832936501872728371e-05
3.660000000000000000e+02 5.782697280091431114e-05
3.670000000000000000e+02 5.781609927254756294e-05
3.680000000000000000e+02 5.719560029883952407e-05
3.690000000000000000e+02 5.717677327595622317e-05
3.700000000000000000e+02 5.656512795031244575e-05
3.710000000000000000e+02 5.681774996672252844e-05
3.720000000000000000e+02 5.580961820920077771e-05
3.730000000000000000e+02 5.550967367644997908e-05
3.740000000000000000e+02 5.467130738720940786e-05
3.750000000000000000e+02 5.465567904774070991e-05
3.760000000000000000e+02 5.376783968503108302e-05
3.770000000000000000e+02 5.374607269383856200e-05
3.780000000000000000e+02 5.279438255903311358e-05
3.790000000000000000e+02 5.281070159456856532e-05
3.800000000000000000e+02 5.181556212007601582e-05
3.810000000000000000e+02 5.173375003803650830e-05
3.820000000000000000e+02 5.074979752899020036e-05
3.830000000000000000e+02 5.071120508100394636e-05
3.840000000000000000e+02 4.996203996910476104e-05
3.850000000000000000e+02 5.020949998152303434e-05
3.860000000000000000e+02 4.976180649702848945e-05
3.870000000000000000e+02 4.946126610974011878e-05
3.880000000000000000e+02 4.865346822933481092e-05
3.890000000000000000e+02 4.876847930967519970e-05
3.900000000000000000e+02 4.839605157039572207e-05
3.910000000000000000e+02 4.862438003862046737e-05
3.920000000000000000e+02 4.835004786797441874e-05
3.930000000000000000e+02 4.868357172775731489e-05
3.940000000000000000e+02 4.863189097203896103e-05
3.950000000000000000e+02 4.913767832477830577e-05
3.960000000000000000e+02 4.944584123545794658e-05
3.970000000000000000e+02 4.962024517035915538e-05
3.980000000000000000e+02 5.016728334148384339e-05
3.990000000000000000e+02 5.059006212063916699e-05
4.000000000000000000e+02 5.099072372780696379e-05
4.010000000000000000e+02 5.177974150454647150e-05
4.020000000000000000e+02 5.174914566750614913e-05
4.030000000000000000e+02 5.191725841352562199e-05
4.040000000000000000e+02 5.220742893217556157e-05
4.050000000000000000e+02 5.243635831181145250e-05
4.060000000000000000e+02 5.231946692503078333e-05
4.070000000000000000e+02 5.258931643058616150e-05
4.080000000000000000e+02 5.218142114281892891e-05
4.090000000000000000e+02 5.246789099236026589e-05
4.100000000000000000e+02 5.183590403653442883e-05
4.110000000000000000e+02 5.199695988277692945e-05
4.120000000000000000e+02 5.121760307331754957e-05
4.130000000000000000e+02 5.125861697298866545e-05
4.140000000000000000e+02 5.037435777689471515e-05
4.150000000000000000e+02 5.052086026972443848e-05
4.160000000000000000e+02 4.972853262597132495e-05
4.170000000000000000e+02 4.925019962276227413e-05
4.180000000000000000e+02 4.802187665448815135e-05
4.190000000000000000e+02 4.794701312007155770e-05
4.200000000000000000e+02 4.703978668970888792e-05
4.210000000000000000e+02 4.686488844931993613e-05
4.220000000000000000e+02 4.605050132113181171e-05
4.230000000000000000e+02 4.600244446783291783e-05
4.240000000000000000e+02 4.511390268572777458e-05
4.250000000000000000e+02 4.509186313445609896e-05
4.260000000000000000e+02 4.438046305185997014e-05
4.270000000000000000e+02 4.438282355313589360e-05
4.280000000000000000e+02 4.388868990674757269e-05
4.290000000000000000e+02 4.399733693927910920e-05
4.300000000000000000e+02 4.419521515104919099e-05
4.310000000000000000e+02 4.364226999500507229e-05
4.320000000000000000e+02 4.328906522837675511e-05
4.330000000000000000e+02 4.307028018623455768e-05
4.340000000000000000e+02 4.306549086066750336e-05
4.350000000000000000e+02 4.306110575969922943e-05
4.360000000000000000e+02 4.309256746382704716e-05
4.370000000000000000e+02 4.316904692725973252e-05
4.380000000000000000e+02 4.332097348703809023e-05
4.390000000000000000e+02 4.353884013958821082e-05
4.400000000000000000e+02 4.379430097407805203e-05
4.410000000000000000e+02 4.405526115191025469e-05
4.420000000000000000e+02 4.434050978630205852e-05
4.430000000000000000e+02 4.465109348227414390e-05
4.440000000000000000e+02 4.512576711265622620e-05
4.450000000000000000e+02 4.579622572284702310e-05
4.460000000000000000e+02 4.563606656892521226e-05
4.470000000000000000e+02 4.556672522565774968e-05
4.480000000000000000e+02 4.577079475135026494e-05
4.490000000000000000e+02 4.593130955975825014e-05
4.500000000000000000e+02 4.602242472034637032e-05
4.510000000000000000e+02 4.591619355627400755e-05
4.520000000000000000e+02 4.622393177940794536e-05
4.530000000000000000e+02 4.593666996904183491e-05
4.540000000000000000e+02 4.626318869819202130e-05
4.550000000000000000e+02 4.585475603809693965e-05
4.560000000000000000e+02 4.609144272542693298e-05
4.570000000000000000e+02 4.565398384634594301e-05
4.580000000000000000e+02 4.593600984801589164e-05
4.590000000000000000e+02 4.564284456957011044e-05
4.600000000000000000e+02 4.591299130138550455e-05
4.610000000000000000e+02 4.465943283861836159e-05
4.620000000000000000e+02 4.464370325888465196e-05
4.630000000000000000e+02 4.393288905273726473e-05
4.640000000000000000e+02 4.397538894290992079e-05
4.650000000000000000e+02 4.325129612653189531e-05
4.660000000000000000e+02 4.331291936841097861e-05
4.670000000000000000e+02 4.261644143919066205e-05
4.680000000000000000e+02 4.267926047068065087e-05
4.690000000000000000e+02 4.187153229676375429e-05
4.700000000000000000e+02 4.188657318164569975e-05
4.710000000000000000e+02 4.119955274568643742e-05
4.720000000000000000e+02 4.134606257696682224e-05
4.730000000000000000e+02 4.107350613939713584e-05
4.740000000000000000e+02 4.186216252444868567e-05
4.750000000000000000e+02 4.156437509898579789e-05
4.760000000000000000e+02 4.116701001943950245e-05
4.770000000000000000e+02 4.121086693412516196e-05
4.780000000000000000e+02 4.141376760790247097e-05
4.790000000000000000e+02 4.162503312299231358e-05
4.800000000000000000e+02 4.189783526127292297e-05
4.810000000000000000e+02 4.223527578730579144e-05
4.820000000000000000e+02 4.260053800206819400e-05
4.830000000000000000e+02 4.295087769317376897e-05
4.840000000000000000e+02 4.328966507745311029e-05
4.850000000000000000e+02 4.358139336682932561e-05
4.860000000000000000e+02 4.384367352518980359e-05
4.870000000000000000e+02 4.411372751543194017e-05
4.880000000000000000e+02 4.456256790600694089e-05
4.890000000000000000e+02 4.499804450766166055e-05
4.900000000000000000e+02 4.465303322338965716e-05
4.910000000000000000e+02 4.446547711538988232e-05
4.920000000000000000e+02 4.442837460744737275e-05
4.930000000000000000e+02 4.436123505311985574e-05
4.940000000000000000e+02 4.416154887086457692e-05
4.950000000000000000e+02 4.389759567085440152e-05
4.960000000000000000e+02 4.343258927604287884e-05
4.970000000000000000e+02 4.349497082815510438e-05
4.980000000000000000e+02 4.307072009857420685e-05
4.990000000000000000e+02 4.243451072463412738e-05
5.000000000000000000e+02 4.248427244023248508e-05
5.010000000000000000e+02 4.177484982768522322e-05
5.020000000000000000e+02 4.181722622302104536e-05
5.030000000000000000e+02 4.160129326864705509e-05
5.040000000000000000e+02 4.168244401829265865e-05
5.050000000000000000e+02 4.041925128277944939e-05
5.060000000000000000e+02 4.034090784839887032e-05
5.070000000000000000e+02 3.977990868074611936e-05
5.080000000000000000e+02 3.994668021060070889e-05
5.090000000000000000e+02 3.969951578285745806e-05
5.100000000000000000e+02 3.916923392766657520e-05
5.110000000000000000e+02 3.919116362040248958e-05
5.120000000000000000e+02 3.873553609036499223e-05
5.130000000000000000e+02 3.882298920204082485e-05
5.140000000000000000e+02 3.861804135612842366e-05
5.150000000000000000e+02 3.851865360153031962e-05
5.160000000000000000e+02 3.854463805033369369e-05
5.170000000000000000e+02 3.871895952792143042e-05
5.180000000000000000e+02 3.914353615953630494e-05
5.190000000000000000e+02 3.918498946239300397e-05
5.200000000000000000e+02 3.887776637202175207e-05
5.210000000000000000e+02 3.894338267195286468e-05
5.220000000000000000e+02 3.916780686309155119e-05
5.230000000000000000e+02 3.945571214238352981e-05
5.240000000000000000e+02 3.964666305378279051e-05
5.250000000000000000e+02 3.980489045226935429e-05
5.260000000000000000e+02 4.000051321804493553e-05
5.270000000000000000e+02 4.022135801976077648e-05
5.280000000000000000e+02 4.040498628115970375e-05
5.290000000000000000e+02 4.055059852399642669e-05
5.300000000000000000e+02 4.069093241179454852e-05
5.310000000000000000e+02 4.084795577869101155e-05
5.320000000000000000e+02 4.101982784211441365e-05
5.330000000000000000e+02 4.164062855396210791e-05
5.340000000000000000e+02 4.101192707845087020e-05
5.350000000000000000e+02 4.092530637079915798e-05
5.360000000000000000e+02 4.063368331325638267e-05
5.370000000000000000e+02 4.087831990235022610e-05
5.380000000000000000e+02 4.056951234590816193e-05
5.390000000000000000e+02 4.070947212918213712e-05
5.400000000000000000e+02 4.014630175848901022e-05
5.410000000000000000e+02 4.027077949528280032e-05
5.420000000000000000e+02 3.960121666420166487e-05
5.430000000000000000e+02 3.968993104521394692e-05
5.440000000000000000e+02 3.903833957724523737e-05
5.450000000000000000e+02 3.912806128242917272e-05
5.460000000000000000e+02 3.863275188843414890e-05
5.470000000000000000e+02 3.915262128321432176e-05
5.480000000000000000e+02 3.876228019191427942e-05
5.490000000000000000e+02 3.830990795492175948e-05
5.500000000000000000e+02 3.738243024812031614e-05
5.510000000000000000e+02 3.742727937985407580e-05
5.520000000000000000e+02 3.703832759957444821e-05
5.530000000000000000e+02 3.733362474300045905e-05
5.540000000000000000e+02 3.701312322549347506e-05
5.550000000000000000e+02 3.727774553822803857e-05
5.560000000000000000e+02 3.708924806223947465e-05
5.570000000000000000e+02 3.745440146718669494e-05
5.580000000000000000e+02 3.758303978046204194e-05
5.590000000000000000e+02 3.779986442938812491e-05
5.600000000000000000e+02 3.816095880554200851e-05
5.610000000000000000e+02 3.871691108519609715e-05
5.620000000000000000e+02 3.955257803450950926e-05
5.630000000000000000e+02 3.996087554897850299e-05
5.640000000000000000e+02 3.988863811650379844e-05
5.650000000000000000e+02 4.017300257064716236e-05
5.660000000000000000e+02 4.059599247656261707e-05
5.670000000000000000e+02 4.103438648211880354e-05
5.680000000000000000e+02 4.138392395878904271e-05
5.690000000000000000e+02 4.161083090337966618e-05
5.700000000000000000e+02 4.175355789863589715e-05
5.710000000000000000e+02 4.186448730587407659e-05
5.720000000000000000e+02 4.190068429823012928e-05
5.730000000000000000e+02 4.183991044828633911e-05
5.740000000000000000e+02 4.172770253028533147e-05
5.750000000000000000e+02 4.160311235003809441e-05
5.760000000000000000e+02 4.143538320826903017e-05
5.770000000000000000e+02 4.179533692908034097e-05
5.780000000000000000e+02 4.066941703441134413e-05
5.790000000000000000e+02 4.035960942999905759e-05
5.800000000000000000e+02 3.950597100105536058e-05
5.810000000000000000e+02 3.945485759383827507e-05
5.820000000000000000e+02 3.860384742165223526e-05
5.830000000000000000e+02 3.840288958126434010e-05
5.840000000000000000e+02 3.763932032112103773e-05
5.850000000000000000e+02 3.756144652390285617e-05
5.860000000000000000e+02 3.676489413033506149e-05
5.870000000000000000e+02 3.672727213084844345e-05
5.880000000000000000e+02 3.599079024712352969e-05
5.890000000000000000e+02 3.606231156414957617e-05
5.900000000000000000e+02 3.563033907917014691e-05
5.910000000000000000e+02 3.629932490483832335e-05
5.920000000000000000e+02 3.585917008300139048e-05
5.930000000000000000e+02 3.531352725207976352e-05
5.940000000000000000e+02 3.492969131575067475e-05
5.950000000000000000e+02 3.474083946955106549e-05
5.960000000000000000e+02 3.469049701214802568e-05
5.970000000000000000e+02 3.473350704499617356e-05
5.980000000000000000e+02 3.479912059842728473e-05
5.990000000000000000e+02 3.493006886212281074e-05
6.000000000000000000e+02 3.513715122389901645e-05
6.010000000000000000e+02 3.535463546643901207e-05
6.020000000000000000e+02 3.555300912327721705e-05
6.030000000000000000e+02 3.576524683285053951e-05
6.040000000000000000e+02 3.608045505855310891e-05
6.050000000000000000e+02 3.666748999795507290e-05
6.060000000000000000e+02 3.759698214289791760e-05
6.070000000000000000e+02 3.760332102258482273e-05
6.080000000000000000e+02 3.758729070902575167e-05
6.090000000000000000e+02 3.789304770931161721e-05
6.100000000000000000e+02 3.822903142287845541e-05
6.110000000000000000e+02 3.854358505730850809e-05
6.120000000000000000e+02 3.874658446241272349e-05
6.130000000000000000e+02 3.887988077563537344e-05
6.140000000000000000e+02 3.886751023014469375e-05
6.150000000000000000e+02 3.918449346055361758e-05
6.160000000000000000e+02 3.918794184539752668e-05
6.170000000000000000e+02 3.915928965604587551e-05
6.180000000000000000e+02 3.914139328841597743e-05
6.190000000000000000e+02 3.900857738958263455e-05
6.200000000000000000e+02 3.952083118676542612e-05
6.210000000000000000e+02 3.930742915965232924e-05
6.220000000000000000e+02 3.885498897295948595e-05
6.230000000000000000e+02 3.801716086105519458e-05
6.240000000000000000e+02 3.806475585497549939e-05
6.250000000000000000e+02 3.758459567909873037e-05
6.260000000000000000e+02 3.775892384099755107e-05
6.270000000000000000e+02 3.701921596953243156e-05
6.280000000000000000e+02 3.692208531972895305e-05
6.290000000000000000e+02 3.613130030300821952e-05
6.300000000000000000e+02 3.610966604142413735e-05
6.310000000000000000e+02 3.537788553723237255e-05
6.320000000000000000e+02 3.543152806830512084e-05
6.330000000000000000e+02 3.477984181995321663e-05
6.340000000000000000e+02 3.504302624312268866e-05
6.350000000000000000e+02 3.509529993782453845e-05
6.360000000000000000e+02 3.527216366002662893e-05
6.370000000000000000e+02 3.419863019405682393e-05
6.380000000000000000e+02 3.432656992264471836e-05
6.390000000000000000e+02 3.434376647603781037e-05
6.400000000000000000e+02 3.458355330311249198e-05
6.410000000000000000e+02 3.473912292880997456e-05
6.420000000000000000e+02 3.528010252132748805e-05
6.430000000000000000e+02 3.568374823929481362e-05
6.440000000000000000e+02 3.610504348165787734e-05
6.450000000000000000e+02 3.650236622341878208e-05
6.460000000000000000e+02 3.688539798043172842e-05
6.470000000000000000e+02 3.728453534851964212e-05
6.480000000000000000e+02 3.779190294217502039e-05
6.490000000000000000e+02 3.849033160935167830e-05
6.500000000000000000e+02 3.948656737435755323e-05
6.510000000000000000e+02 3.955796222204393316e-05
6.520000000000000000e+02 3.943299921537234750e-05
6.530000000000000000e+02 3.959659760770857691e-05
6.540000000000000000e+02 3.977398665400832541e-05
6.550000000000000000e+02 3.987875005916426710e-05
6.560000000000000000e+02 3.984246582800088371e-05
6.570000000000000000e+02 3.955670559244755971e-05
6.580000000000000000e+02 3.966112428668313699e-05
6.590000000000000000e+02 3.916744802096175989e-05
6.600000000000000000e+02 3.913585326840301348e-05
6.610000000000000000e+02 3.862629053593862928e-05
6.620000000000000000e+02 3.790147170840213806e-05
6.630000000000000000e+02 3.783158270893413502e-05
6.640000000000000000e+02 3.738969515887832074e-05
6.650000000000000000e+02 3.764712940181879643e-05
6.660000000000000000e+02 3.638309293711300939e-05
6.670000000000000000e+02 3.598157263428572623e-05
6.680000000000000000e+02 3.507021208781120896e-05
6.690000000000000000e+02 3.501662470099927495e-05
6.700000000000000000e+02 3.433930609436538069e-05
6.710000000000000000e+02 3.434279477898677515e-05
6.720000000000000000e+02 3.366781729137171354e-05
6.730000000000000000e+02 3.372913979183889333e-05
6.740000000000000000e+02 3.309283659370789788e-05
6.750000000000000000e+02 3.305968679144462757e-05
6.760000000000000000e+02 3.271394286417372979e-05
6.770000000000000000e+02 3.247164626361476116e-05
6.780000000000000000e+02 3.248026395656658608e-05
6.790000000000000000e+02 3.309488868358415146e-05
6.800000000000000000e+02 3.325025931210909334e-05
6.810000000000000000e+02 3.274801907516883861e-05
6.820000000000000000e+02 3.273610846900235473e-05
6.830000000000000000e+02 3.293066622525744831e-05
6.840000000000000000e+02 3.321199809400456456e-05
6.850000000000000000e+02 3.353054510383592925e-05
6.860000000000000000e+02 3.382194383892667914e-05
6.870000000000000000e+02 3.421642371216078161e-05
6.880000000000000000e+02 3.462963702357326487e-05
6.890000000000000000e+02 3.505373273222507196e-05
6.900000000000000000e+02 3.541599226680643288e-05
6.910000000000000000e+02 3.572255575747547548e-05
6.920000000000000000e+02 3.602380597429467982e-05
6.930000000000000000e+02 3.647758703564927450e-05
6.940000000000000000e+02 3.730359383543701261e-05
6.950000000000000000e+02 3.718365753231085257e-05
6.960000000000000000e+02 3.698184286845771098e-05
6.970000000000000000e+02 3.709862711931199509e-05
6.980000000000000000e+02 3.722554931275467646e-05
6.990000000000000000e+02 3.733534507989173887e-05
7.000000000000000000e+02 3.737922699375067565e-05
7.010000000000000000e+02 3.722331105596772565e-05
7.020000000000000000e+02 3.737508436002694650e-05
7.030000000000000000e+02 3.706384274113889803e-05
7.040000000000000000e+02 3.718488688195006994e-05
7.050000000000000000e+02 3.690304160103673853e-05
7.060000000000000000e+02 3.641551847475079946e-05
7.070000000000000000e+02 3.658956001394052590e-05
7.080000000000000000e+02 3.640144482907313201e-05
7.090000000000000000e+02 3.687609483437623650e-05
7.100000000000000000e+02 3.552054678894149548e-05
7.110000000000000000e+02 3.518845836707206360e-05
7.120000000000000000e+02 3.446574920729544899e-05
7.130000000000000000e+02 3.450284192528313491e-05
7.140000000000000000e+02 3.396309879207164373e-05
7.150000000000000000e+02 3.404799413906139715e-05
7.160000000000000000e+02 3.341646752797751391e-05
7.170000000000000000e+02 3.357544566096472527e-05
7.180000000000000000e+02 3.301933975788731452e-05
7.190000000000000000e+02 3.315671204980080749e-05
7.200000000000000000e+02 3.306344800258656475e-05
7.210000000000000000e+02 3.312489956899908084e-05
7.220000000000000000e+02 3.346425301801180549e-05
7.230000000000000000e+02 3.438454217030524813e-05
7.240000000000000000e+02 3.450341755648114311e-05
7.250000000000000000e+02 3.449758043305882000e-05
7.260000000000000000e+02 3.476898659932372551e-05
7.270000000000000000e+02 3.516142905215519771e-05
7.280000000000000000e+02 3.559769986053365324e-05
7.290000000000000000e+02 3.604232207349328021e-05
7.300000000000000000e+02 3.637066073851853097e-05
7.310000000000000000e+02 3.702154332208015364e-05
7.320000000000000000e+02 3.745397324818317805e-05
7.330000000000000000e+02 3.781000677141946998e-05
7.340000000000000000e+02 3.804603550781203756e-05
7.350000000000000000e+02 3.822380770388292634e-05
7.360000000000000000e+02 3.838876529357100625e-05
7.370000000000000000e+02 3.873572516447457836e-05
7.380000000000000000e+02 3.925262532043023896e-05
7.390000000000000000e+02 3.873842462682127482e-05
7.400000000000000000e+02 3.821259410352559766e-05
7.410000000000000000e+02 3.797668525165976761e-05
7.420000000000000000e+02 3.780315075213974528e-05
7.430000000000000000e+02 3.763748169823643945e-05
7.440000000000000000e+02 3.732686148484919760e-05
7.450000000000000000e+02 3.672604535997121844e-05
7.460000000000000000e+02 3.661481815136739289e-05
7.470000000000000000e+02 3.580331126378655796e-05
7.480000000000000000e+02 3.570354755873716892e-05
7.490000000000000000e+02 3.495247906764603363e-05
7.500000000000000000e+02 3.490084011819730077e-05
7.510000000000000000e+02 3.452603397894896879e-05
7.520000000000000000e+02 3.442141981388074256e-05
7.530000000000000000e+02 3.473288448267216743e-05
7.540000000000000000e+02 3.343973035668173848e-05
7.550000000000000000e+02 3.316323746380237951e-05
7.560000000000000000e+02 3.274835094863308183e-05
7.570000000000000000e+02 3.247309738117563877e-05
7.580000000000000000e+02 3.230794004268550595e-05
7.590000000000000000e+02 3.211154288457451203e-05
7.600000000000000000e+02 3.200437894888336136e-05
7.610000000000000000e+02 3.197136259537942433e-05
7.620000000000000000e+02 3.197374525846706733e-05
7.630000000000000000e+02 3.196831726080475469e-05
7.640000000000000000e+02 3.202589635777013219e-05
7.650000000000000000e+02 3.219279943828739848e-05
7.660000000000000000e+02 3.261469401696258852e-05
7.670000000000000000e+02 3.363078607933580786e-05
7.680000000000000000e+02 3.395319327604341572e-05
7.690000000000000000e+02 3.378972961568418556e-05
7.700000000000000000e+02 3.402729277207927627e-05
7.710000000000000000e+02 3.438640569638940506e-05
7.720000000000000000e+02 3.479215178208439345e-05
7.730000000000000000e+02 3.513694231318373784e-05
7.740000000000000000e+02 3.541875788618582837e-05
7.750000000000000000e+02 3.570625211164919766e-05
7.760000000000000000e+02 3.599672574448470341e-05
7.770000000000000000e+02 3.622577917011570906e-05
7.780000000000000000e+02 3.638214116587708177e-05
7.790000000000000000e+02 3.649091767471541699e-05
7.800000000000000000e+02 3.655463005390060215e-05
7.810000000000000000e+02 3.674166020981665926e-05
7.820000000000000000e+02 3.749664107118084224e-05
7.830000000000000000e+02 3.690411905029444123e-05
7.840000000000000000e+02 3.667707972667683380e-05
7.850000000000000000e+02 3.628003958363199081e-05
7.860000000000000000e+02 3.638710825790569413e-05
7.870000000000000000e+02 3.591729874591608222e-05
7.880000000000000000e+02 3.597492127073418397e-05
7.890000000000000000e+02 3.530235790473726165e-05
7.900000000000000000e+02 3.531150809395756083e-05
7.910000000000000000e+02 3.459964048212734123e-05
7.920000000000000000e+02 3.456726758831458714e-05
7.930000000000000000e+02 3.380997704188197126e-05
7.940000000000000000e+02 3.374333086855526979e-05
7.950000000000000000e+02 3.314040509187735111e-05
7.960000000000000000e+02 3.372013954274685326e-05
7.970000000000000000e+02 3.338602970721014343e-05
7.980000000000000000e+02 3.281857107003666700e-05
7.990000000000000000e+02 3.200748137408699468e-05
8.000000000000000000e+02 3.212837813199161482e-05
8.010000000000000000e+02 3.175343686402523971e-05
8.020000000000000000e+02 3.212232083375585873e-05
8.030000000000000000e+02 3.193634297643724979e-05
8.040000000000000000e+02 3.237999915968669894e-05
8.050000000000000000e+02 3.244512803098060480e-05
8.060000000000000000e+02 3.300830316149131925e-05
8.070000000000000000e+02 3.338249140565290420e-05
8.080000000000000000e+02 3.378134171359427709e-05
8.090000000000000000e+02 3.420898032512918806e-05
8.100000000000000000e+02 3.461237587563918699e-05
8.110000000000000000e+02 3.588907959593180293e-05
8.120000000000000000e+02 3.631735732764642641e-05
8.130000000000000000e+02 3.625830791305105830e-05
8.140000000000000000e+02 3.660350993123481956e-05
8.150000000000000000e+02 3.701405825447953647e-05
8.160000000000000000e+02 3.735464883238955117e-05
8.170000000000000000e+02 3.757457589299562751e-05
8.180000000000000000e+02 3.762118646489229153e-05
8.190000000000000000e+02 3.748872389117869372e-05
8.200000000000000000e+02 3.770460896506167589e-05
8.210000000000000000e+02 3.741009777125264450e-05
8.220000000000000000e+02 3.750402107479601402e-05
8.230000000000000000e+02 3.720609436320522023e-05
8.240000000000000000e+02 3.691563339718225285e-05
8.250000000000000000e+02 3.671829393464787840e-05
8.260000000000000000e+02 3.714976916944687756e-05
8.270000000000000000e+02 3.598651396953541319e-05
8.280000000000000000e+02 3.540883366705864852e-05
8.290000000000000000e+02 3.458088861508477896e-05
8.300000000000000000e+02 3.444464241841858253e-05
8.310000000000000000e+02 3.385301934451890931e-05
8.320000000000000000e+02 3.379207970036474091e-05
8.330000000000000000e+02 3.301371940950088781e-05
8.340000000000000000e+02 3.292430048728468416e-05
8.350000000000000000e+02 3.222333115301982069e-05
8.360000000000000000e+02 3.214301264796100738e-05
8.370000000000000000e+02 3.150551905404895260e-05
8.380000000000000000e+02 3.150509459696580348e-05
8.390000000000000000e+02 3.133660189556824365e-05
8.400000000000000000e+02 3.172575369196755241e-05
8.410000000000000000e+02 3.185169120296394845e-05
8.420000000000000000e+02 3.104470051380598224e-05
8.430000000000000000e+02 3.074262988590065871e-05
8.440000000000000000e+02 3.076438393010554084e-05
8.450000000000000000e+02 3.090783405206024627e-05
8.460000000000000000e+02 3.115849839456943211e-05
8.470000000000000000e+02 3.137861064740035173e-05
8.480000000000000000e+02 3.165456698516058232e-05
8.490000000000000000e+02 3.201412355995216863e-05
8.500000000000000000e+02 3.241014984315936120e-05
8.510000000000000000e+02 3.279104573881361375e-05
8.520000000000000000e+02 3.312879114360493154e-05
8.530000000000000000e+02 3.348949019703638180e-05
8.540000000000000000e+02 3.402189376171684232e-05
8.550000000000000000e+02 3.492951845629157408e-05
8.560000000000000000e+02 3.529175567432584653e-05
8.570000000000000000e+02 3.506557198225796173e-05
8.580000000000000000e+02 3.521656607270330229e-05
8.590000000000000000e+02 3.545000569218852935e-05
8.600000000000000000e+02 3.571018793206314266e-05
8.610000000000000000e+02 3.589190644849030236e-05
8.620000000000000000e+02 3.584755659405121451e-05
8.630000000000000000e+02 3.602877700506198420e-05
8.640000000000000000e+02 3.592784565892177806e-05
8.650000000000000000e+02 3.614904592567211501e-05
8.660000000000000000e+02 3.584492672103616355e-05
8.670000000000000000e+02 3.595917984286894220e-05
8.680000000000000000e+02 3.555942968252981433e-05
8.690000000000000000e+02 3.592194825832252162e-05
8.700000000000000000e+02 3.588223330497046916e-05
8.710000000000000000e+02 3.540427468971307551e-05
8.720000000000000000e+02 3.430021415603599037e-05
8.730000000000000000e+02 3.419620266119517406e-05
8.740000000000000000e+02 3.352682360795836055e-05
8.750000000000000000e+02 3.360999536845979765e-05
8.760000000000000000e+02 3.292447135944008487e-05
8.770000000000000000e+02 3.285843392978092466e-05
8.780000000000000000e+02 3.217990102065496896e-05
8.790000000000000000e+02 3.223002867589274360e-05
8.800000000000000000e+02 3.157182490612619455e-05
8.810000000000000000e+02 3.168179828773370405e-05
8.820000000000000000e+02 3.111762109378818977e-05
8.830000000000000000e+02 3.143337644806097169e-05
8.840000000000000000e+02 3.173945808691818599e-05
8.850000000000000000e+02 3.252173893497571741e-05
8.860000000000000000e+02 3.205453413217112526e-05
8.870000000000000000e+02 3.206698876510917788e-05
8.880000000000000000e+02 3.236234637618199501e-05
8.890000000000000000e+02 3.261425308557503583e-05
8.900000000000000000e+02 3.327588612138398811e-05
8.910000000000000000e+02 3.368342285550494735e-05
8.920000000000000000e+02 3.394479346871085996e-05
8.930000000000000000e+02 3.464653037916985679e-05
8.940000000000000000e+02 3.519530415940429170e-05
8.950000000000000000e+02 3.567143346621888306e-05
8.960000000000000000e+02 3.607299859352375808e-05
8.970000000000000000e+02 3.640259352189544420e-05
8.980000000000000000e+02 3.676903312803128318e-05
8.990000000000000000e+02 3.755277476580908723e-05
9.000000000000000000e+02 3.757499825626273675e-05
9.010000000000000000e+02 3.717460047437105933e-05
9.020000000000000000e+02 3.711923522590658493e-05
9.030000000000000000e+02 3.710620209754076959e-05
9.040000000000000000e+02 3.704291740617825522e-05
9.050000000000000000e+02 3.686764537321007113e-05
9.060000000000000000e+02 3.642060796683234815e-05
9.070000000000000000e+02 3.630180303047718751e-05
9.080000000000000000e+02 3.562461285062426249e-05
9.090000000000000000e+02 3.549340396796429132e-05
9.100000000000000000e+02 3.478426473990757218e-05
9.110000000000000000e+02 3.465425738746073434e-05
9.120000000000000000e+02 3.392401112390361958e-05
9.130000000000000000e+02 3.414697050300116596e-05
9.140000000000000000e+02 3.395741350398062263e-05
9.150000000000000000e+02 3.339275057762426544e-05
9.160000000000000000e+02 3.215874514906759098e-05
9.170000000000000000e+02 3.209170678669162738e-05
9.180000000000000000e+02 3.175669085850302666e-05
9.190000000000000000e+02 3.132006671071908686e-05
9.200000000000000000e+02 3.136529256443537400e-05
9.210000000000000000e+02 3.082864013594323929e-05
9.220000000000000000e+02 3.093480946934694490e-05
9.230000000000000000e+02 3.064219279971667809e-05
9.240000000000000000e+02 3.043594118976460612e-05
9.250000000000000000e+02 3.033122478012395895e-05
9.260000000000000000e+02 3.037281327091714952e-05
9.270000000000000000e+02 3.060494545039588388e-05
9.280000000000000000e+02 3.135107924871194780e-05
9.290000000000000000e+02 3.192105624642132682e-05
9.300000000000000000e+02 3.147470102190785813e-05
9.310000000000000000e+02 3.152352441480104972e-05
9.320000000000000000e+02 3.186198980660699621e-05
9.330000000000000000e+02 3.232939203993977928e-05
9.340000000000000000e+02 3.279381254166365521e-05
9.350000000000000000e+02 3.312153884869216473e-05
9.360000000000000000e+02 3.332525954000168332e-05
9.370000000000000000e+02 3.384058729523860601e-05
9.380000000000000000e+02 3.415572946914523212e-05
9.390000000000000000e+02 3.442521887275059504e-05
9.400000000000000000e+02 3.465603998262376721e-05
9.410000000000000000e+02 3.487060068621110906e-05
9.420000000000000000e+02 3.521187470316354361e-05
9.430000000000000000e+02 3.589260549021829505e-05
9.440000000000000000e+02 3.601623197505761397e-05
9.450000000000000000e+02 3.538162975412459973e-05
9.460000000000000000e+02 3.549105837453707282e-05
9.470000000000000000e+02 3.545100406078774045e-05
9.480000000000000000e+02 3.543227879293938635e-05
9.490000000000000000e+02 3.528083735561092369e-05
9.500000000000000000e+02 3.533853780921084763e-05
9.510000000000000000e+02 3.485623483327892090e-05
9.520000000000000000e+02 3.492632974854416826e-05
9.530000000000000000e+02 3.428739171390952412e-05
9.540000000000000000e+02 3.425011652614189084e-05
9.550000000000000000e+02 3.355164069340944307e-05
9.560000000000000000e+02 3.356781786239889796e-05
9.570000000000000000e+02 3.352468959364190705e-05
9.580000000000000000e+02 3.355122105931794329e-05
9.590000000000000000e+02 3.301365067153412612e-05
9.600000000000000000e+02 3.184573811187631123e-05
9.610000000000000000e+02 3.169360688898611712e-05
9.620000000000000000e+02 3.106408070986239032e-05
9.630000000000000000e+02 3.125682097392268067e-05
9.640000000000000000e+02 3.079077414406112639e-05
9.650000000000000000e+02 3.103629945007699102e-05
9.660000000000000000e+02 3.074245915630240735e-05
9.670000000000000000e+02 3.112633721450478689e-05
9.680000000000000000e+02 3.100519125264947868e-05
9.690000000000000000e+02 3.145256914380362227e-05
9.700000000000000000e+02 3.169670181646057409e-05
9.710000000000000000e+02 3.214931902022362241e-05
9.720000000000000000e+02 3.315358470065836617e-05
9.730000000000000000e+02 3.377004118030074340e-05
9.740000000000000000e+02 3.374779054134387435e-05
9.750000000000000000e+02 3.398845697211134938e-05
9.760000000000000000e+02 3.448963974297469484e-05
9.770000000000000000e+02 3.501480308005970132e-05
9.780000000000000000e+02 3.551459991178955564e-05
9.790000000000000000e+02 3.576138150571446940e-05
9.800000000000000000e+02 3.616685988414523043e-05
9.810000000000000000e+02 3.639073008018015146e-05
9.820000000000000000e+02 3.657847550977919715e-05
9.830000000000000000e+02 3.667805849101550818e-05
9.840000000000000000e+02 3.670408613589750004e-05
9.850000000000000000e+02 3.666598193487916686e-05
9.860000000000000000e+02 3.668158859903080602e-05
9.870000000000000000e+02 3.709484615080946117e-05
9.880000000000000000e+02 3.654053231557756871e-05
9.890000000000000000e+02 3.594588510216530905e-05
9.900000000000000000e+02 3.542151824489120669e-05
9.910000000000000000e+02 3.502692069792409603e-05
9.920000000000000000e+02 3.467283598611979606e-05
9.930000000000000000e+02 3.408330816948383342e-05
9.940000000000000000e+02 3.390986272790151194e-05
9.950000000000000000e+02 3.312466840662926310e-05
9.960000000000000000e+02 3.301691428514926820e-05
9.970000000000000000e+02 3.222771576751898715e-05
9.980000000000000000e+02 3.213522554254547898e-05
9.990000000000000000e+02 3.144000403969714923e-05
1.000000000000000000e+03 3.146525794981988800e-05
