-1.400630914826498374e+00 -7.146529562982006922e-02
-6.277602523659300271e-01 -5.912596401028280546e-02
1.924290220820195074e-01 1.753213367609254281e-01
9.968454258675083501e-01 2.956298200514138053e-01
1.769716088328075809e+00 3.388174807197943394e-01
2.574132492113564652e+00 3.357326478149098570e-01
3.347003154574132999e+00 -3.444730077120827794e-02
4.151419558359620510e+00 -2.473007712082262444e-01
4.971608832807571154e+00 -2.781491002570695148e-01
5.760252365930599971e+00 -2.843187660668381467e-01
6.596214511041010198e+00 -3.059125964010283028e-01
7.369085173501581210e+00 -3.275064267352185698e-01
8.141955835962146892e+00 -3.491002570694088369e-01
