-1.400630914826498374e+00 -1.400630914826498374e+00
-6.277602523659300271e-01 -6.277602523659300271e-01
1.924290220820195074e-01 1.924290220820195074e-01
9.968454258675083501e-01 9.968454258675083501e-01
1.769716088328075809e+00 1.769716088328075809e+00
2.574132492113564652e+00 2.574132492113564652e+00
3.347003154574132999e+00 3.347003154574132999e+00
4.151419558359620510e+00 4.151419558359620510e+00
4.971608832807571154e+00 4.971608832807571154e+00
5.760252365930599971e+00 5.760252365930599971e+00
6.596214511041010198e+00 6.596214511041010198e+00
7.369085173501581210e+00 7.369085173501581210e+00
8.141955835962146892e+00 8.141955835962146892e+00
